---
CALL_FRXUSDJPY_100_1352345145_1352345265_S0P_0: 0.500022123810201
CALL_FRXUSDJPY_100_1352345145_1352345445_S0P_0: 0.493800618881345
CALL_FRXUSDJPY_100_1352345145_1352345745_S0P_0: 0.508456156946252
CALL_FRXUSDJPY_100_1352345145_1352346045_S0P_0: 0.508379967194116
CALL_FRXUSDJPY_100_1352345145_1352348745_797840_0: 0.661363330083012
CALL_FRXUSDJPY_100_1352345145_1352348745_798010_0: 0.58154110627156
CALL_FRXUSDJPY_100_1352345145_1352348745_798170_0: 0.503247172237006
CALL_FRXUSDJPY_100_1352345145_1352348745_798330_0: 0.424812428941427
CALL_FRXUSDJPY_100_1352345145_1352348745_798500_0: 0.344553672699834
PUT_FRXUSDJPY_100_1352345145_1352345265_S0P_0: 0.499977876189799
PUT_FRXUSDJPY_100_1352345145_1352345445_S0P_0: 0.506199381118655
PUT_FRXUSDJPY_100_1352345145_1352345745_S0P_0: 0.491543843053748
PUT_FRXUSDJPY_100_1352345145_1352346045_S0P_0: 0.491620032805884
PUT_FRXUSDJPY_100_1352345145_1352348745_797840_0: 0.338636669916988
PUT_FRXUSDJPY_100_1352345145_1352348745_798010_0: 0.41845889372844
PUT_FRXUSDJPY_100_1352345145_1352348745_798170_0: 0.496752827762994
PUT_FRXUSDJPY_100_1352345145_1352348745_798330_0: 0.575187571058573
PUT_FRXUSDJPY_100_1352345145_1352348745_798500_0: 0.655446327300166
event_CALL_FRXUSDJPY_100_1352345145_1352345265_S0P_0: 0.500974152487644
event_CALL_FRXUSDJPY_100_1352345145_1352345445_S0P_0: 0.49449493207998
event_CALL_FRXUSDJPY_100_1352345145_1352345745_S0P_0: 0.508912818133781
event_CALL_FRXUSDJPY_100_1352345145_1352346045_S0P_0: 0.509612244308393
event_CALL_FRXUSDJPY_100_1352345145_1352348745_797840_0: 0.689255072933323
event_CALL_FRXUSDJPY_100_1352345145_1352348745_798010_0: 0.596466736268778
event_CALL_FRXUSDJPY_100_1352345145_1352348745_798170_0: 0.504012596264786
event_CALL_FRXUSDJPY_100_1352345145_1352348745_798330_0: 0.416939458900686
event_CALL_FRXUSDJPY_100_1352345145_1352348745_798500_0: 0.328778730074864
event_PUT_FRXUSDJPY_100_1352345145_1352345265_S0P_0: 0.500929904867241
event_PUT_FRXUSDJPY_100_1352345145_1352345445_S0P_0: 0.506893694317291
event_PUT_FRXUSDJPY_100_1352345145_1352345745_S0P_0: 0.491986890861348
event_PUT_FRXUSDJPY_100_1352345145_1352346045_S0P_0: 0.491786312929854
event_PUT_FRXUSDJPY_100_1352345145_1352348745_797840_0: 0.322229135883584
event_PUT_FRXUSDJPY_100_1352345145_1352348745_798010_0: 0.409758884125811
event_PUT_FRXUSDJPY_100_1352345145_1352348745_798170_0: 0.496389573329124
event_PUT_FRXUSDJPY_100_1352345145_1352348745_798330_0: 0.588705210431812
event_PUT_FRXUSDJPY_100_1352345145_1352348745_798500_0: 0.682291032475401
