---
CALL_FRXUSDJPY_100_1352345145_1352348745_798500_0: 0.288984552972884
CALL_FRXUSDJPY_100_1352345145_1352348745_798330_0: 0.396387655781425
CALL_FRXUSDJPY_100_1352345145_1352348745_798170_0: 0.50519469328119
CALL_FRXUSDJPY_100_1352345145_1352348745_798010_0: 0.613565162231752
CALL_FRXUSDJPY_100_1352345145_1352348745_797840_0: 0.7196724662369
PUT_FRXUSDJPY_100_1352345145_1352348745_798500_0: 0.711015447027116
PUT_FRXUSDJPY_100_1352345145_1352348745_798330_0: 0.603612344218575
PUT_FRXUSDJPY_100_1352345145_1352348745_798170_0: 0.49480530671881
PUT_FRXUSDJPY_100_1352345145_1352348745_798010_0: 0.386434837768249
PUT_FRXUSDJPY_100_1352345145_1352348745_797840_0: 0.2803275337631
CALL_FRXUSDJPY_100_1352345145_1352345265_S0P_0: 0.500055091220278
CALL_FRXUSDJPY_100_1352345145_1352345445_S0P_0: 0.493852602179611
CALL_FRXUSDJPY_100_1352345145_1352345745_S0P_0: 0.508499644021643
CALL_FRXUSDJPY_100_1352345145_1352346045_S0P_0: 0.509883179916835
PUT_FRXUSDJPY_100_1352345145_1352345265_S0P_0: 0.499948459024758
PUT_FRXUSDJPY_100_1352345145_1352345445_S0P_0: 0.506152879093941
PUT_FRXUSDJPY_100_1352345145_1352345745_S0P_0: 0.491500355978357
PUT_FRXUSDJPY_100_1352345145_1352346045_S0P_0: 0.490116820083165
event_CALL_FRXUSDJPY_100_1352345145_1352348745_798500_0: 0.290632010880498
event_CALL_FRXUSDJPY_100_1352345145_1352348745_798330_0: 0.397260598631968
event_CALL_FRXUSDJPY_100_1352345145_1352348745_798170_0: 0.505277642427062
event_CALL_FRXUSDJPY_100_1352345145_1352348745_798010_0: 0.613568315752505
event_CALL_FRXUSDJPY_100_1352345145_1352348745_797840_0: 0.719613188346462
event_PUT_FRXUSDJPY_100_1352345145_1352348745_798500_0: 0.710956418228757
event_PUT_FRXUSDJPY_100_1352345145_1352348745_798330_0: 0.603615706461218
event_PUT_FRXUSDJPY_100_1352345145_1352348745_798170_0: 0.494888442214187
event_PUT_FRXUSDJPY_100_1352345145_1352348745_798010_0: 0.387390857498045
event_PUT_FRXUSDJPY_100_1352345145_1352348745_797840_0: 0.282025691632419
event_CALL_FRXUSDJPY_100_1352345145_1352345265_S0P_0: 0.501003399957434
event_CALL_FRXUSDJPY_100_1352345145_1352345445_S0P_0: 0.494541229256482
event_CALL_FRXUSDJPY_100_1352345145_1352345745_S0P_0: 0.508949301837744
event_CALL_FRXUSDJPY_100_1352345145_1352346045_S0P_0: 0.51020365991419
event_PUT_FRXUSDJPY_100_1352345145_1352345265_S0P_0: 0.50090065739745
event_PUT_FRXUSDJPY_100_1352345145_1352345445_S0P_0: 0.506847397140789
event_PUT_FRXUSDJPY_100_1352345145_1352345745_S0P_0: 0.491950407157385
event_PUT_FRXUSDJPY_100_1352345145_1352346045_S0P_0: 0.490437650350612
