---
CALL_FRXUSDJPY_100_1352345145_1352348745_798500_0: 0.272667462694327
CALL_FRXUSDJPY_100_1352345145_1352348745_798330_0: 0.387236274169618
CALL_FRXUSDJPY_100_1352345145_1352348745_798170_0: 0.505205394547251
CALL_FRXUSDJPY_100_1352345145_1352348745_798010_0: 0.622740515879060
CALL_FRXUSDJPY_100_1352345145_1352348745_797840_0: 0.736018165130396
PUT_FRXUSDJPY_100_1352345145_1352348745_798500_0: 0.727332537305673
PUT_FRXUSDJPY_100_1352345145_1352348745_798330_0: 0.612763725830382
PUT_FRXUSDJPY_100_1352345145_1352348745_798170_0: 0.494794605452749
PUT_FRXUSDJPY_100_1352345145_1352348745_798010_0: 0.377259484120940
PUT_FRXUSDJPY_100_1352345145_1352348745_797840_0: 0.263981834869604
event_CALL_FRXUSDJPY_100_1352345145_1352345265_S0P_0: 0.500057006794642
event_CALL_FRXUSDJPY_100_1352345145_1352345445_S0P_0: 0.493855641565372
event_CALL_FRXUSDJPY_100_1352345145_1352345745_S0P_0: 0.508503967134737
event_CALL_FRXUSDJPY_100_1352345145_1352346045_S0P_0: 0.509888502566032
event_PUT_FRXUSDJPY_100_1352345145_1352345265_S0P_0: 0.499946543450395
event_PUT_FRXUSDJPY_100_1352345145_1352345445_S0P_0: 0.506149839708185
event_PUT_FRXUSDJPY_100_1352345145_1352345745_S0P_0: 0.491496032865263
event_PUT_FRXUSDJPY_100_1352345145_1352346045_S0P_0: 0.490111497433968
event_CALL_FRXUSDJPY_100_1352345145_1352348745_798500_0: 0.274402766534947
event_CALL_FRXUSDJPY_100_1352345145_1352348745_798330_0: 0.388181386361141
event_CALL_FRXUSDJPY_100_1352345145_1352348745_798170_0: 0.505288436867875
event_CALL_FRXUSDJPY_100_1352345145_1352348745_798010_0: 0.622823558199684
event_CALL_FRXUSDJPY_100_1352345145_1352348745_797840_0: 0.736101207451020
event_PUT_FRXUSDJPY_100_1352345145_1352348745_798500_0: 0.727415579626297
event_PUT_FRXUSDJPY_100_1352345145_1352348745_798330_0: 0.612846768151006
event_PUT_FRXUSDJPY_100_1352345145_1352348745_798170_0: 0.494877647773373
event_PUT_FRXUSDJPY_100_1352345145_1352348745_798010_0: 0.378287503881492
event_PUT_FRXUSDJPY_100_1352345145_1352348745_797840_0: 0.265767640702192
event_CALL_FRXUSDJPY_100_1352345145_1352345265_S0P_0: 0.500057006794642
event_CALL_FRXUSDJPY_100_1352345145_1352345445_S0P_0: 0.493855641565372
event_CALL_FRXUSDJPY_100_1352345145_1352345745_S0P_0: 0.508503967134737
event_CALL_FRXUSDJPY_100_1352345145_1352346045_S0P_0: 0.509888502566032
event_PUT_FRXUSDJPY_100_1352345145_1352345265_S0P_0: 0.499946543450395
event_PUT_FRXUSDJPY_100_1352345145_1352345445_S0P_0: 0.506149839708185
event_PUT_FRXUSDJPY_100_1352345145_1352345745_S0P_0: 0.491496032865263
event_PUT_FRXUSDJPY_100_1352345145_1352346045_S0P_0: 0.490111497433968
