---
CALL_AEX_1454284800_1454285700_100.00: 0.524023825862275
CALL_AEX_1454284800_1454286000_100.00: 0.523872811572555
CALL_AEX_1454284800_1454286300_100.00: 0.523739765445584
CALL_AEX_1454284800_1454287200_100.00: 0.523405916959521
CALL_AEX_1454284800_1454288400_100.00: 0.523047657569235
PUT_AEX_1454284800_1454285700_100.00: 0.525976174137725
PUT_AEX_1454284800_1454286000_100.00: 0.526127188427445
PUT_AEX_1454284800_1454286300_100.00: 0.526260234554416
PUT_AEX_1454284800_1454287200_100.00: 0.526594083040479
PUT_AEX_1454284800_1454288400_100.00: 0.526952342430764
