---
CALL_FRXUSDJPY_100_1352345145_1352345265_S0P_0: 0.520053537959077
CALL_FRXUSDJPY_100_1352345145_1352345445_S0P_0: 0.513879003423501
CALL_FRXUSDJPY_100_1352345145_1352345745_S0P_0: 0.528612509599294
CALL_FRXUSDJPY_100_1352345145_1352346045_S0P_0: 0.528616180020069
CALL_FRXUSDJPY_100_1352345145_1352348745_797840_0: 0.682517846014391
CALL_FRXUSDJPY_100_1352345145_1352348745_798010_0: 0.602593255434009
CALL_FRXUSDJPY_100_1352345145_1352348745_798170_0: 0.524189297662043
CALL_FRXUSDJPY_100_1352345145_1352348745_798330_0: 0.445643946371951
CALL_FRXUSDJPY_100_1352345145_1352348745_798500_0: 0.365281066189276
NOTOUCH_FRXUSDJPY_100_1352345145_1352348745_797840_0: 0.422930255340699
NOTOUCH_FRXUSDJPY_100_1352345145_1352348745_798010_0: 0.233780892411772
NOTOUCH_FRXUSDJPY_100_1352345145_1352348745_798170_0: 0.05
NOTOUCH_FRXUSDJPY_100_1352345145_1352348745_798330_0: 0.224027320542534
NOTOUCH_FRXUSDJPY_100_1352345145_1352348745_798500_0: 0.413964744273138
ONETOUCH_FRXUSDJPY_100_1352345145_1352348745_797840_0: 0.779363328777672
ONETOUCH_FRXUSDJPY_100_1352345145_1352348745_798010_0: 0.91001994549512
ONETOUCH_FRXUSDJPY_100_1352345145_1352348745_798170_0: 1
ONETOUCH_FRXUSDJPY_100_1352345145_1352348745_798330_0: 0.92002214091302
ONETOUCH_FRXUSDJPY_100_1352345145_1352348745_798500_0: 0.788599146650959
PUT_FRXUSDJPY_100_1352345145_1352345265_S0P_0: 0.520008962040923
PUT_FRXUSDJPY_100_1352345145_1352345445_S0P_0: 0.526277246576499
PUT_FRXUSDJPY_100_1352345145_1352345745_S0P_0: 0.511699990400706
PUT_FRXUSDJPY_100_1352345145_1352346045_S0P_0: 0.511852569979931
PUT_FRXUSDJPY_100_1352345145_1352348745_797840_0: 0.359357153985609
PUT_FRXUSDJPY_100_1352345145_1352348745_798010_0: 0.439281744565991
PUT_FRXUSDJPY_100_1352345145_1352348745_798170_0: 0.517685702337957
PUT_FRXUSDJPY_100_1352345145_1352348745_798330_0: 0.596231053628049
PUT_FRXUSDJPY_100_1352345145_1352348745_798500_0: 0.676593933810724
event_NOTOUCH_FRXUSDJPY_100_1352345145_1352348745_797840_0: 0.478277288365724
event_NOTOUCH_FRXUSDJPY_100_1352345145_1352348745_798010_0: 0.263121573305729
event_NOTOUCH_FRXUSDJPY_100_1352345145_1352348745_798170_0: 0.05
event_NOTOUCH_FRXUSDJPY_100_1352345145_1352348745_798330_0: 0.251575761813562
event_NOTOUCH_FRXUSDJPY_100_1352345145_1352348745_798500_0: 0.467975895216057
event_ONETOUCH_FRXUSDJPY_100_1352345145_1352348745_797840_0: 0.756235436283847
event_ONETOUCH_FRXUSDJPY_100_1352345145_1352348745_798010_0: 0.897858372793373
event_ONETOUCH_FRXUSDJPY_100_1352345145_1352348745_798170_0: 1
event_ONETOUCH_FRXUSDJPY_100_1352345145_1352348745_798330_0: 0.908887087019165
event_ONETOUCH_FRXUSDJPY_100_1352345145_1352348745_798500_0: 0.76625384101137
event_CALL_FRXUSDJPY_100_1352345145_1352345265_S0P_0: 0.521005566636519
event_CALL_FRXUSDJPY_100_1352345145_1352345445_S0P_0: 0.514573316622136
event_CALL_FRXUSDJPY_100_1352345145_1352345745_S0P_0: 0.529071863796722
event_CALL_FRXUSDJPY_100_1352345145_1352346045_S0P_0: 0.529957271801668
event_CALL_FRXUSDJPY_100_1352345145_1352348745_797840_0: 0.748124792280341
event_CALL_FRXUSDJPY_100_1352345145_1352348745_798010_0: 0.631931362993962
event_CALL_FRXUSDJPY_100_1352345145_1352348745_798170_0: 0.525432218020374
event_CALL_FRXUSDJPY_100_1352345145_1352348745_798330_0: 0.436338549047096
event_CALL_FRXUSDJPY_100_1352345145_1352348745_798500_0: 0.349461824230257
event_PUT_FRXUSDJPY_100_1352345145_1352345265_S0P_0: 0.520960990718366
event_PUT_FRXUSDJPY_100_1352345145_1352345445_S0P_0: 0.526971559775134
event_PUT_FRXUSDJPY_100_1352345145_1352345745_S0P_0: 0.512140344713148
event_PUT_FRXUSDJPY_100_1352345145_1352346045_S0P_0: 0.511950997470302
event_PUT_FRXUSDJPY_100_1352345145_1352348745_797840_0: 0.33791749308519
event_PUT_FRXUSDJPY_100_1352345145_1352348745_798010_0: 0.427773759160905
event_PUT_FRXUSDJPY_100_1352345145_1352348745_798170_0: 0.517172883517158
event_PUT_FRXUSDJPY_100_1352345145_1352348745_798330_0: 0.628427637745737
event_PUT_FRXUSDJPY_100_1352345145_1352348745_798500_0: 0.739877752012032
