---
CALL_FRXUSDJPY_100_1352345145_1352345265_S0P_0: 0.500022287959077
CALL_FRXUSDJPY_100_1352345145_1352345445_S0P_0: 0.493800878423501
CALL_FRXUSDJPY_100_1352345145_1352345745_S0P_0: 0.508456259599294
CALL_FRXUSDJPY_100_1352345145_1352346045_S0P_0: 0.508381805020069
CALL_FRXUSDJPY_100_1352345145_1352348745_797840_0: 0.661580346014391
CALL_FRXUSDJPY_100_1352345145_1352348745_798010_0: 0.581655755434009
CALL_FRXUSDJPY_100_1352345145_1352348745_798170_0: 0.503251797662043
CALL_FRXUSDJPY_100_1352345145_1352348745_798330_0: 0.424706446371951
CALL_FRXUSDJPY_100_1352345145_1352348745_798500_0: 0.344343566189276
PUT_FRXUSDJPY_100_1352345145_1352345265_S0P_0: 0.499977712040923
PUT_FRXUSDJPY_100_1352345145_1352345445_S0P_0: 0.506199121576499
PUT_FRXUSDJPY_100_1352345145_1352345745_S0P_0: 0.491543740400706
PUT_FRXUSDJPY_100_1352345145_1352346045_S0P_0: 0.491618194979931
PUT_FRXUSDJPY_100_1352345145_1352348745_797840_0: 0.338419653985609
PUT_FRXUSDJPY_100_1352345145_1352348745_798010_0: 0.418344244565991
PUT_FRXUSDJPY_100_1352345145_1352348745_798170_0: 0.496748202337957
PUT_FRXUSDJPY_100_1352345145_1352348745_798330_0: 0.575293553628049
PUT_FRXUSDJPY_100_1352345145_1352348745_798500_0: 0.655656433810724
event_CALL_FRXUSDJPY_100_1352345145_1352345265_S0P_0: 0.521005566636519
event_CALL_FRXUSDJPY_100_1352345145_1352345445_S0P_0: 0.514573316622136
event_CALL_FRXUSDJPY_100_1352345145_1352345745_S0P_0: 0.529071863796722
event_CALL_FRXUSDJPY_100_1352345145_1352346045_S0P_0: 0.529957271801668
event_CALL_FRXUSDJPY_100_1352345145_1352348745_797840_0: 0.748124792280341
event_CALL_FRXUSDJPY_100_1352345145_1352348745_798010_0: 0.631931362993962
event_CALL_FRXUSDJPY_100_1352345145_1352348745_798170_0: 0.525432218020374
event_CALL_FRXUSDJPY_100_1352345145_1352348745_798330_0: 0.436338549047096
event_CALL_FRXUSDJPY_100_1352345145_1352348745_798500_0: 0.349461824230257
event_PUT_FRXUSDJPY_100_1352345145_1352345265_S0P_0: 0.520960990718366
event_PUT_FRXUSDJPY_100_1352345145_1352345445_S0P_0: 0.526971559775134
event_PUT_FRXUSDJPY_100_1352345145_1352345745_S0P_0: 0.512140344713148
event_PUT_FRXUSDJPY_100_1352345145_1352346045_S0P_0: 0.511950997470302
event_PUT_FRXUSDJPY_100_1352345145_1352348745_797840_0: 0.33791749308519
event_PUT_FRXUSDJPY_100_1352345145_1352348745_798010_0: 0.427773759160905
event_PUT_FRXUSDJPY_100_1352345145_1352348745_798170_0: 0.517172883517158
event_PUT_FRXUSDJPY_100_1352345145_1352348745_798330_0: 0.628427637745737
event_PUT_FRXUSDJPY_100_1352345145_1352348745_798500_0: 0.739877752012032
