---
CALL_FRXUSDJPY_100_1352345145_1352345265_S0P_0: 0.500022123810201
CALL_FRXUSDJPY_100_1352345145_1352345445_S0P_0: 0.493800618881345
CALL_FRXUSDJPY_100_1352345145_1352345745_S0P_0: 0.508455627197658
CALL_FRXUSDJPY_100_1352345145_1352346045_S0P_0: 0.508342186468538
CALL_FRXUSDJPY_100_1352345145_1352348745_797840_0: 0.66158079070372
CALL_FRXUSDJPY_100_1352345145_1352348745_798010_0: 0.581877949573171
CALL_FRXUSDJPY_100_1352345145_1352348745_798170_0: 0.503698111212717
CALL_FRXUSDJPY_100_1352345145_1352348745_798330_0: 0.425608307622968
CALL_FRXUSDJPY_100_1352345145_1352348745_798500_0: 0.345663305567613
PUT_FRXUSDJPY_100_1352345145_1352345265_S0P_0: 0.499977876189799
PUT_FRXUSDJPY_100_1352345145_1352345445_S0P_0: 0.506199381118655
PUT_FRXUSDJPY_100_1352345145_1352345745_S0P_0: 0.491544372802341
PUT_FRXUSDJPY_100_1352345145_1352346045_S0P_0: 0.491657813531462
PUT_FRXUSDJPY_100_1352345145_1352348745_797840_0: 0.338928194146864
PUT_FRXUSDJPY_100_1352345145_1352348745_798010_0: 0.418373325679028
PUT_FRXUSDJPY_100_1352345145_1352348745_798170_0: 0.496301888787283
PUT_FRXUSDJPY_100_1352345145_1352348745_798330_0: 0.574642817131932
PUT_FRXUSDJPY_100_1352345145_1352348745_798500_0: 0.65484505845121
event_CALL_FRXUSDJPY_100_1352345145_1352345265_S0P_0: 0.500974152487644
event_CALL_FRXUSDJPY_100_1352345145_1352345445_S0P_0: 0.49449493207998
event_CALL_FRXUSDJPY_100_1352345145_1352345745_S0P_0: 0.508911015301885
event_CALL_FRXUSDJPY_100_1352345145_1352346045_S0P_0: 0.509442998617738
event_CALL_FRXUSDJPY_100_1352345145_1352348745_797840_0: 0.686925589157819
event_CALL_FRXUSDJPY_100_1352345145_1352348745_798010_0: 0.595470576935402
event_CALL_FRXUSDJPY_100_1352345145_1352348745_798170_0: 0.50447817751056
event_CALL_FRXUSDJPY_100_1352345145_1352348745_798330_0: 0.418427395526858
event_CALL_FRXUSDJPY_100_1352345145_1352348745_798500_0: 0.331196869565885
event_PUT_FRXUSDJPY_100_1352345145_1352345265_S0P_0: 0.500929904867241
event_PUT_FRXUSDJPY_100_1352345145_1352345445_S0P_0: 0.506893694317291
event_PUT_FRXUSDJPY_100_1352345145_1352345745_S0P_0: 0.491988693693244
event_PUT_FRXUSDJPY_100_1352345145_1352346045_S0P_0: 0.491857712960152
event_PUT_FRXUSDJPY_100_1352345145_1352348745_797840_0: 0.323804899830438
event_PUT_FRXUSDJPY_100_1352345145_1352348745_798010_0: 0.410335407725774
event_PUT_FRXUSDJPY_100_1352345145_1352348745_798170_0: 0.495922726950533
event_PUT_FRXUSDJPY_100_1352345145_1352348745_798330_0: 0.586798329243923
event_PUT_FRXUSDJPY_100_1352345145_1352348745_798500_0: 0.679115035502589
