---
CALL_FRXUSDJPY_100_1352345145_1352345265_S0P_0: 0.500019556108288
CALL_FRXUSDJPY_100_1352345145_1352345445_S0P_0: 0.493796558988215
CALL_FRXUSDJPY_100_1352345145_1352345745_S0P_0: 0.508453966260018
CALL_FRXUSDJPY_100_1352345145_1352346045_S0P_0: 0.508312305128718
CALL_FRXUSDJPY_100_1352345145_1352348745_797840_0: 0.658227731294453
CALL_FRXUSDJPY_100_1352345145_1352348745_798010_0: 0.580105408842218
CALL_FRXUSDJPY_100_1352345145_1352348745_798170_0: 0.503618315833157
CALL_FRXUSDJPY_100_1352345145_1352348745_798330_0: 0.427210696330063
CALL_FRXUSDJPY_100_1352345145_1352348745_798500_0: 0.348855804810349
PUT_FRXUSDJPY_100_1352345145_1352345265_S0P_0: 0.499980443891711
PUT_FRXUSDJPY_100_1352345145_1352345445_S0P_0: 0.506203441011785
PUT_FRXUSDJPY_100_1352345145_1352345745_S0P_0: 0.491546033739982
PUT_FRXUSDJPY_100_1352345145_1352346045_S0P_0: 0.491687694871282
PUT_FRXUSDJPY_100_1352345145_1352348745_797840_0: 0.34224045401734
PUT_FRXUSDJPY_100_1352345145_1352348745_798010_0: 0.420125376777143
PUT_FRXUSDJPY_100_1352345145_1352348745_798170_0: 0.496381684166843
PUT_FRXUSDJPY_100_1352345145_1352348745_798330_0: 0.573019951021168
PUT_FRXUSDJPY_100_1352345145_1352348745_798500_0: 0.651611808673973
event_CALL_FRXUSDJPY_100_1352345145_1352345265_S0P_0: 0.500971584785731
event_CALL_FRXUSDJPY_100_1352345145_1352345445_S0P_0: 0.49449087218685
event_CALL_FRXUSDJPY_100_1352345145_1352345745_S0P_0: 0.508909357304462
event_CALL_FRXUSDJPY_100_1352345145_1352346045_S0P_0: 0.509372568991329
event_CALL_FRXUSDJPY_100_1352345145_1352348745_797840_0: 0.682438525714512
event_CALL_FRXUSDJPY_100_1352345145_1352348745_798010_0: 0.593044746468016
event_CALL_FRXUSDJPY_100_1352345145_1352348745_798170_0: 0.504365310172275
event_CALL_FRXUSDJPY_100_1352345145_1352348745_798330_0: 0.420362137674271
event_CALL_FRXUSDJPY_100_1352345145_1352348745_798500_0: 0.335008116035131
event_PUT_FRXUSDJPY_100_1352345145_1352345265_S0P_0: 0.500932472569154
event_PUT_FRXUSDJPY_100_1352345145_1352345445_S0P_0: 0.50689775421042
event_PUT_FRXUSDJPY_100_1352345145_1352345745_S0P_0: 0.491990351690667
event_PUT_FRXUSDJPY_100_1352345145_1352346045_S0P_0: 0.491890944997981
event_PUT_FRXUSDJPY_100_1352345145_1352348745_797840_0: 0.327751179892878
event_PUT_FRXUSDJPY_100_1352345145_1352348745_798010_0: 0.412450336461681
event_PUT_FRXUSDJPY_100_1352345145_1352348745_798170_0: 0.496020470905165
event_PUT_FRXUSDJPY_100_1352345145_1352348745_798330_0: 0.584577868726565
event_PUT_FRXUSDJPY_100_1352345145_1352348745_798500_0: 0.67477416294072
