CALL_FRXUSDJPY_100_1352345145_1352345265_S0P_0: 0.500069140071432
CALL_FRXUSDJPY_100_1352345145_1352345445_S0P_0: 0.493874893080447
CALL_FRXUSDJPY_100_1352345145_1352345745_S0P_0: 0.508531349798082
CALL_FRXUSDJPY_100_1352345145_1352346045_S0P_0: 0.513963762359685
CALL_FRXUSDJPY_100_1352345145_1352348745_79784000_0: 0.899810072483909
CALL_FRXUSDJPY_100_1352345145_1352348745_79801000_0: 0.736980527498904
CALL_FRXUSDJPY_100_1352345145_1352348745_79817000_0: 0.511651606371279
CALL_FRXUSDJPY_100_1352345145_1352348745_79833000_0: 0.382712920456039
CALL_FRXUSDJPY_100_1352345145_1352348745_79850000_0: 0.264113647190685
PUT_FRXUSDJPY_100_1352345145_1352345265_S0P_0: 0.499947416161827
PUT_FRXUSDJPY_100_1352345145_1352345445_S0P_0: 0.506151224413862
PUT_FRXUSDJPY_100_1352345145_1352345745_S0P_0: 0.49149372285678
PUT_FRXUSDJPY_100_1352345145_1352346045_S0P_0: 0.489816981744744
PUT_FRXUSDJPY_100_1352345145_1352348745_79784000_0: 0.254975595031615
PUT_FRXUSDJPY_100_1352345145_1352348745_79801000_0: 0.371932305140218
PUT_FRXUSDJPY_100_1352345145_1352348745_79817000_0: 0.494328606318271
PUT_FRXUSDJPY_100_1352345145_1352348745_79833000_0: 0.718170601948575
PUT_FRXUSDJPY_100_1352345145_1352348745_79850000_0: 0.890431502404831
event_CALL_FRXUSDJPY_100_1352345145_1352345265_S0P_0: 0.500069140071432
event_CALL_FRXUSDJPY_100_1352345145_1352345445_S0P_0: 0.493874893080447
event_CALL_FRXUSDJPY_100_1352345145_1352345745_S0P_0: 0.508531349798082
event_CALL_FRXUSDJPY_100_1352345145_1352346045_S0P_0: 0.513963762359685
event_CALL_FRXUSDJPY_100_1352345145_1352348745_79784000_0: 0.899810072483909
event_CALL_FRXUSDJPY_100_1352345145_1352348745_79801000_0: 0.736980527498904
event_CALL_FRXUSDJPY_100_1352345145_1352348745_79817000_0: 0.511651606371279
event_CALL_FRXUSDJPY_100_1352345145_1352348745_79833000_0: 0.382712920456039
event_CALL_FRXUSDJPY_100_1352345145_1352348745_79850000_0: 0.264113647190685
event_PUT_FRXUSDJPY_100_1352345145_1352345265_S0P_0: 0.499947416161827
event_PUT_FRXUSDJPY_100_1352345145_1352345445_S0P_0: 0.506151224413862
event_PUT_FRXUSDJPY_100_1352345145_1352345745_S0P_0: 0.49149372285678
event_PUT_FRXUSDJPY_100_1352345145_1352346045_S0P_0: 0.489816981744744
event_PUT_FRXUSDJPY_100_1352345145_1352348745_79784000_0: 0.254975595031615
event_PUT_FRXUSDJPY_100_1352345145_1352348745_79801000_0: 0.371932305140218
event_PUT_FRXUSDJPY_100_1352345145_1352348745_79817000_0: 0.494328606318271
event_PUT_FRXUSDJPY_100_1352345145_1352348745_79833000_0: 0.718170601948575
event_PUT_FRXUSDJPY_100_1352345145_1352348745_79850000_0: 0.890431502404831
