---
CALL_FRXUSDJPY_100_1352345145_1352345265_S0P_0: 0.500057006794642
CALL_FRXUSDJPY_100_1352345145_1352345445_S0P_0: 0.493855641565372
CALL_FRXUSDJPY_100_1352345145_1352345745_S0P_0: 0.508503967134737
CALL_FRXUSDJPY_100_1352345145_1352346045_S0P_0: 0.509888502566032
CALL_FRXUSDJPY_100_1352345145_1352348745_797840_0: 0.736018165130396
CALL_FRXUSDJPY_100_1352345145_1352348745_798010_0: 0.62274051587906
CALL_FRXUSDJPY_100_1352345145_1352348745_798170_0: 0.505205394547251
CALL_FRXUSDJPY_100_1352345145_1352348745_798330_0: 0.387236274169618
CALL_FRXUSDJPY_100_1352345145_1352348745_798500_0: 0.272667462694327
PUT_FRXUSDJPY_100_1352345145_1352345265_S0P_0: 0.499946543450395
PUT_FRXUSDJPY_100_1352345145_1352345445_S0P_0: 0.506149839708185
PUT_FRXUSDJPY_100_1352345145_1352345745_S0P_0: 0.491496032865263
PUT_FRXUSDJPY_100_1352345145_1352346045_S0P_0: 0.490111497433968
PUT_FRXUSDJPY_100_1352345145_1352348745_797840_0: 0.263981834869604
PUT_FRXUSDJPY_100_1352345145_1352348745_798010_0: 0.37725948412094
PUT_FRXUSDJPY_100_1352345145_1352348745_798170_0: 0.494794605452749
PUT_FRXUSDJPY_100_1352345145_1352348745_798330_0: 0.612763725830382
PUT_FRXUSDJPY_100_1352345145_1352348745_798500_0: 0.727332537305673
event_CALL_FRXUSDJPY_100_1352345145_1352345265_S0P_0: 0.501005485227047
event_CALL_FRXUSDJPY_100_1352345145_1352345445_S0P_0: 0.494544473490451
event_CALL_FRXUSDJPY_100_1352345145_1352345745_S0P_0: 0.508953821632302
event_CALL_FRXUSDJPY_100_1352345145_1352346045_S0P_0: 0.510209157698433
event_CALL_FRXUSDJPY_100_1352345145_1352348745_797840_0: 0.73610120745102
event_CALL_FRXUSDJPY_100_1352345145_1352348745_798010_0: 0.622823558199684
event_CALL_FRXUSDJPY_100_1352345145_1352348745_798170_0: 0.505288436867875
event_CALL_FRXUSDJPY_100_1352345145_1352348745_798330_0: 0.388181386361141
event_CALL_FRXUSDJPY_100_1352345145_1352348745_798500_0: 0.274402766534947
event_PUT_FRXUSDJPY_100_1352345145_1352345265_S0P_0: 0.500898572127837
event_PUT_FRXUSDJPY_100_1352345145_1352345445_S0P_0: 0.50684415290682
event_PUT_FRXUSDJPY_100_1352345145_1352345745_S0P_0: 0.491945887362827
event_PUT_FRXUSDJPY_100_1352345145_1352346045_S0P_0: 0.490432152566369
event_PUT_FRXUSDJPY_100_1352345145_1352348745_797840_0: 0.265767640702192
event_PUT_FRXUSDJPY_100_1352345145_1352348745_798010_0: 0.378287503881492
event_PUT_FRXUSDJPY_100_1352345145_1352348745_798170_0: 0.494877647773373
event_PUT_FRXUSDJPY_100_1352345145_1352348745_798330_0: 0.612846768151006
event_PUT_FRXUSDJPY_100_1352345145_1352348745_798500_0: 0.727415579626297
