---
CALL_OTC_AEX_1454284800_1454286600_100.00: 0.5236194826728
CALL_OTC_AEX_1454284800_1454287200_100.00: 0.523405916959521
CALL_OTC_AEX_1454284800_1454287500_100.00: 0.523309220170859
CALL_OTC_AEX_1454284800_1454287800_100.00: 0.523217762165508
CALL_OTC_AEX_1454284800_1454288400_100.00: 0.523047657569235
PUT_OTC_AEX_1454284800_1454286600_100.00: 0.5263805173272
PUT_OTC_AEX_1454284800_1454287200_100.00: 0.526594083040479
PUT_OTC_AEX_1454284800_1454287500_100.00: 0.526690779829141
PUT_OTC_AEX_1454284800_1454287800_100.00: 0.526782237834492
PUT_OTC_AEX_1454284800_1454288400_100.00: 0.526952342430764
