---
CALL_FRXUSDJPY_100_1352345145_1352345265_S0P_0: 0.500022123810201
CALL_FRXUSDJPY_100_1352345145_1352345445_S0P_0: 0.493800618881345
CALL_FRXUSDJPY_100_1352345145_1352345745_S0P_0: 0.508456156946252
CALL_FRXUSDJPY_100_1352345145_1352346045_S0P_0: 0.508379967194116
CALL_FRXUSDJPY_100_1352345145_1352348745_797840_0: 0.661906560071909
CALL_FRXUSDJPY_100_1352345145_1352348745_798010_0: 0.582316423280318
CALL_FRXUSDJPY_100_1352345145_1352348745_798170_0: 0.504217408938541
CALL_FRXUSDJPY_100_1352345145_1352348745_798330_0: 0.425945637750645
CALL_FRXUSDJPY_100_1352345145_1352348745_798500_0: 0.345792641360203
PUT_FRXUSDJPY_100_1352345145_1352345265_S0P_0: 0.499977876189799
PUT_FRXUSDJPY_100_1352345145_1352345445_S0P_0: 0.506199381118655
PUT_FRXUSDJPY_100_1352345145_1352345745_S0P_0: 0.491543843053748
PUT_FRXUSDJPY_100_1352345145_1352346045_S0P_0: 0.491620032805884
PUT_FRXUSDJPY_100_1352345145_1352348745_797840_0: 0.33904968721938
PUT_FRXUSDJPY_100_1352345145_1352348745_798010_0: 0.418703388146503
PUT_FRXUSDJPY_100_1352345145_1352348745_798170_0: 0.4968152370226
PUT_FRXUSDJPY_100_1352345145_1352348745_798330_0: 0.57507743291174
PUT_FRXUSDJPY_100_1352345145_1352348745_798500_0: 0.655169866231295
event_CALL_FRXUSDJPY_100_1352345145_1352345265_S0P_0: 0.500974152487644
event_CALL_FRXUSDJPY_100_1352345145_1352345445_S0P_0: 0.49449493207998
event_CALL_FRXUSDJPY_100_1352345145_1352345745_S0P_0: 0.508912818133781
event_CALL_FRXUSDJPY_100_1352345145_1352346045_S0P_0: 0.509612244308393
event_CALL_FRXUSDJPY_100_1352345145_1352348745_797840_0: 0.689914905269411
event_CALL_FRXUSDJPY_100_1352345145_1352348745_798010_0: 0.59710506398324
event_CALL_FRXUSDJPY_100_1352345145_1352348745_798170_0: 0.50488627123231
event_CALL_FRXUSDJPY_100_1352345145_1352348745_798330_0: 0.417934003567777
event_CALL_FRXUSDJPY_100_1352345145_1352348745_798500_0: 0.329596292962806
event_PUT_FRXUSDJPY_100_1352345145_1352345265_S0P_0: 0.500929904867241
event_PUT_FRXUSDJPY_100_1352345145_1352345445_S0P_0: 0.506893694317291
event_PUT_FRXUSDJPY_100_1352345145_1352345745_S0P_0: 0.491986890861348
event_PUT_FRXUSDJPY_100_1352345145_1352346045_S0P_0: 0.491786312929854
event_PUT_FRXUSDJPY_100_1352345145_1352348745_797840_0: 0.322117789400389
event_PUT_FRXUSDJPY_100_1352345145_1352348745_798010_0: 0.409728471313508
event_PUT_FRXUSDJPY_100_1352345145_1352348745_798170_0: 0.496444535048585
event_PUT_FRXUSDJPY_100_1352345145_1352348745_798330_0: 0.588246722164921
event_PUT_FRXUSDJPY_100_1352345145_1352348745_798500_0: 0.681975420389629
