---
CALL_FRXUSDJPY_100_1352345145_1352345265_S0P_0: 0.500022123810201
CALL_FRXUSDJPY_100_1352345145_1352345445_S0P_0: 0.493800618881345
CALL_FRXUSDJPY_100_1352345145_1352345745_S0P_0: 0.508456156946252
CALL_FRXUSDJPY_100_1352345145_1352346045_S0P_0: 0.508379967194116
CALL_FRXUSDJPY_100_1352345145_1352348745_797840_0: 0.661419033425876
CALL_FRXUSDJPY_100_1352345145_1352348745_798010_0: 0.581596736394111
CALL_FRXUSDJPY_100_1352345145_1352348745_798170_0: 0.503302724209204
CALL_FRXUSDJPY_100_1352345145_1352348745_798330_0: 0.424867902229979
CALL_FRXUSDJPY_100_1352345145_1352348745_798500_0: 0.344609071167442
PUT_FRXUSDJPY_100_1352345145_1352345265_S0P_0: 0.499977876189799
PUT_FRXUSDJPY_100_1352345145_1352345445_S0P_0: 0.506199381118655
PUT_FRXUSDJPY_100_1352345145_1352345745_S0P_0: 0.491543843053748
PUT_FRXUSDJPY_100_1352345145_1352346045_S0P_0: 0.491620032805884
PUT_FRXUSDJPY_100_1352345145_1352348745_797840_0: 0.338692062253137
PUT_FRXUSDJPY_100_1352345145_1352348745_798010_0: 0.418514359284901
PUT_FRXUSDJPY_100_1352345145_1352348745_798170_0: 0.496808371469809
PUT_FRXUSDJPY_100_1352345145_1352348745_798330_0: 0.575243193449033
PUT_FRXUSDJPY_100_1352345145_1352348745_798500_0: 0.65550202451157
event_CALL_FRXUSDJPY_100_1352345145_1352345265_S0P_0: 0.500974152487644
event_CALL_FRXUSDJPY_100_1352345145_1352345445_S0P_0: 0.49449493207998
event_CALL_FRXUSDJPY_100_1352345145_1352345745_S0P_0: 0.508912818133781
event_CALL_FRXUSDJPY_100_1352345145_1352346045_S0P_0: 0.509612244308393
event_CALL_FRXUSDJPY_100_1352345145_1352348745_797840_0: 0.689301533723048
event_CALL_FRXUSDJPY_100_1352345145_1352348745_798010_0: 0.596517364478568
event_CALL_FRXUSDJPY_100_1352345145_1352348745_798170_0: 0.504067885932611
event_CALL_FRXUSDJPY_100_1352345145_1352348745_798330_0: 0.416997355544415
event_CALL_FRXUSDJPY_100_1352345145_1352348745_798500_0: 0.328838935023038
event_PUT_FRXUSDJPY_100_1352345145_1352345265_S0P_0: 0.500929904867241
event_PUT_FRXUSDJPY_100_1352345145_1352345445_S0P_0: 0.506893694317291
event_PUT_FRXUSDJPY_100_1352345145_1352345745_S0P_0: 0.491986890861348
event_PUT_FRXUSDJPY_100_1352345145_1352346045_S0P_0: 0.491786312929854
event_PUT_FRXUSDJPY_100_1352345145_1352348745_797840_0: 0.322289520900294
event_PUT_FRXUSDJPY_100_1352345145_1352348745_798010_0: 0.409817025580563
event_PUT_FRXUSDJPY_100_1352345145_1352348745_798170_0: 0.496445254612039
event_PUT_FRXUSDJPY_100_1352345145_1352348745_798330_0: 0.588756304892247
event_PUT_FRXUSDJPY_100_1352345145_1352348745_798500_0: 0.682337815274499
