---
CALL_FRXUSDJPY_100_1352345145_1352345265_S0P_0: 0.500022123810201
CALL_FRXUSDJPY_100_1352345145_1352345445_S0P_0: 0.493800618881345
CALL_FRXUSDJPY_100_1352345145_1352345745_S0P_0: 0.508455603521322
CALL_FRXUSDJPY_100_1352345145_1352346045_S0P_0: 0.508339702154187
CALL_FRXUSDJPY_100_1352345145_1352348745_797840_0: 0.661903042481304
CALL_FRXUSDJPY_100_1352345145_1352348745_798010_0: 0.582314566927908
CALL_FRXUSDJPY_100_1352345145_1352348745_798170_0: 0.504217387328341
CALL_FRXUSDJPY_100_1352345145_1352348745_798330_0: 0.425947454859554
CALL_FRXUSDJPY_100_1352345145_1352348745_798500_0: 0.345796131766253
PUT_FRXUSDJPY_100_1352345145_1352345265_S0P_0: 0.499977876189799
PUT_FRXUSDJPY_100_1352345145_1352345445_S0P_0: 0.506199381118655
PUT_FRXUSDJPY_100_1352345145_1352345745_S0P_0: 0.491544396478678
PUT_FRXUSDJPY_100_1352345145_1352346045_S0P_0: 0.491660297845812
PUT_FRXUSDJPY_100_1352345145_1352348745_797840_0: 0.339052376557557
PUT_FRXUSDJPY_100_1352345145_1352348745_798010_0: 0.418704802715163
PUT_FRXUSDJPY_100_1352345145_1352348745_798170_0: 0.496815245060785
PUT_FRXUSDJPY_100_1352345145_1352348745_798330_0: 0.575076032573434
PUT_FRXUSDJPY_100_1352345145_1352348745_798500_0: 0.655167185472547
event_CALL_FRXUSDJPY_100_1352345145_1352345265_S0P_0: 0.500974152487644
event_CALL_FRXUSDJPY_100_1352345145_1352345445_S0P_0: 0.49449493207998
event_CALL_FRXUSDJPY_100_1352345145_1352345745_S0P_0: 0.508911751094428
event_CALL_FRXUSDJPY_100_1352345145_1352346045_S0P_0: 0.509460634225972
event_CALL_FRXUSDJPY_100_1352345145_1352348745_797840_0: 0.686904066367248
event_CALL_FRXUSDJPY_100_1352345145_1352348745_798010_0: 0.595470580944964
event_CALL_FRXUSDJPY_100_1352345145_1352348745_798170_0: 0.504822661025845
event_CALL_FRXUSDJPY_100_1352345145_1352348745_798330_0: 0.418803858393055
event_CALL_FRXUSDJPY_100_1352345145_1352348745_798500_0: 0.331337345039094
event_PUT_FRXUSDJPY_100_1352345145_1352345265_S0P_0: 0.500929904867241
event_PUT_FRXUSDJPY_100_1352345145_1352345445_S0P_0: 0.506893694317291
event_PUT_FRXUSDJPY_100_1352345145_1352345745_S0P_0: 0.491987957900701
event_PUT_FRXUSDJPY_100_1352345145_1352346045_S0P_0: 0.491842378062117
event_PUT_FRXUSDJPY_100_1352345145_1352348745_797840_0: 0.323934050515751
event_PUT_FRXUSDJPY_100_1352345145_1352348745_798010_0: 0.410701321927184
event_PUT_FRXUSDJPY_100_1352345145_1352348745_798170_0: 0.496493740063125
event_PUT_FRXUSDJPY_100_1352345145_1352348745_798330_0: 0.586785760213044
event_PUT_FRXUSDJPY_100_1352345145_1352348745_798500_0: 0.67908495211101
