---
CALL_FRXUSDJPY_100_1352345145_1352345265_S0P_0: 0.500022123810201
CALL_FRXUSDJPY_100_1352345145_1352345445_S0P_0: 0.493800618881345
CALL_FRXUSDJPY_100_1352345145_1352345745_S0P_0: 0.508456156946252
CALL_FRXUSDJPY_100_1352345145_1352346045_S0P_0: 0.508379967194116
CALL_FRXUSDJPY_100_1352345145_1352348745_797840_0: 0.661948679998797
CALL_FRXUSDJPY_100_1352345145_1352348745_798010_0: 0.582365342038182
CALL_FRXUSDJPY_100_1352345145_1352348745_798170_0: 0.504272956778048
CALL_FRXUSDJPY_100_1352345145_1352348745_798330_0: 0.425994560478891
CALL_FRXUSDJPY_100_1352345145_1352348745_798500_0: 0.345834777665722
PUT_FRXUSDJPY_100_1352345145_1352345265_S0P_0: 0.499977876189799
PUT_FRXUSDJPY_100_1352345145_1352345445_S0P_0: 0.506199381118655
PUT_FRXUSDJPY_100_1352345145_1352345745_S0P_0: 0.491543843053748
PUT_FRXUSDJPY_100_1352345145_1352346045_S0P_0: 0.491620032805884
PUT_FRXUSDJPY_100_1352345145_1352348745_797840_0: 0.339091807146268
PUT_FRXUSDJPY_100_1352345145_1352348745_798010_0: 0.418752306904366
PUT_FRXUSDJPY_100_1352345145_1352348745_798170_0: 0.496870784862107
PUT_FRXUSDJPY_100_1352345145_1352348745_798330_0: 0.575126355639986
PUT_FRXUSDJPY_100_1352345145_1352348745_798500_0: 0.655212002536814
event_CALL_FRXUSDJPY_100_1352345145_1352345265_S0P_0: 0.500974152487644
event_CALL_FRXUSDJPY_100_1352345145_1352345445_S0P_0: 0.49449493207998
event_CALL_FRXUSDJPY_100_1352345145_1352345745_S0P_0: 0.508912818133781
event_CALL_FRXUSDJPY_100_1352345145_1352346045_S0P_0: 0.509612244308393
event_CALL_FRXUSDJPY_100_1352345145_1352348745_797840_0: 0.689957025196299
event_CALL_FRXUSDJPY_100_1352345145_1352348745_798010_0: 0.597153982741104
event_CALL_FRXUSDJPY_100_1352345145_1352348745_798170_0: 0.504941819071816
event_CALL_FRXUSDJPY_100_1352345145_1352348745_798330_0: 0.417982926296023
event_CALL_FRXUSDJPY_100_1352345145_1352348745_798500_0: 0.329638429268325
event_PUT_FRXUSDJPY_100_1352345145_1352345265_S0P_0: 0.500929904867241
event_PUT_FRXUSDJPY_100_1352345145_1352345445_S0P_0: 0.506893694317291
event_PUT_FRXUSDJPY_100_1352345145_1352345745_S0P_0: 0.491986890861348
event_PUT_FRXUSDJPY_100_1352345145_1352346045_S0P_0: 0.491786312929854
event_PUT_FRXUSDJPY_100_1352345145_1352348745_797840_0: 0.322159909327277
event_PUT_FRXUSDJPY_100_1352345145_1352348745_798010_0: 0.409777390071371
event_PUT_FRXUSDJPY_100_1352345145_1352348745_798170_0: 0.496500082888091
event_PUT_FRXUSDJPY_100_1352345145_1352348745_798330_0: 0.588295644893167
event_PUT_FRXUSDJPY_100_1352345145_1352348745_798500_0: 0.682017556695147
