---
CALL_FRXUSDJPY_100_1352345145_1352348745_798500_0: 0.344211548652023
CALL_FRXUSDJPY_100_1352345145_1352348745_798330_0: 0.424563858040325
CALL_FRXUSDJPY_100_1352345145_1352348745_798170_0: 0.503105935152874
CALL_FRXUSDJPY_100_1352345145_1352348745_798010_0: 0.581513581194402
CALL_FRXUSDJPY_100_1352345145_1352348745_797840_0: 0.661449126534928
PUT_FRXUSDJPY_100_1352345145_1352348745_798500_0: 0.655788451347977
PUT_FRXUSDJPY_100_1352345145_1352348745_798330_0: 0.575436141959675
PUT_FRXUSDJPY_100_1352345145_1352348745_798170_0: 0.496894064847126
PUT_FRXUSDJPY_100_1352345145_1352348745_798010_0: 0.418486418805598
PUT_FRXUSDJPY_100_1352345145_1352348745_797840_0: 0.338550873465072
CALL_FRXUSDJPY_100_1352345145_1352345265_S0P_0: 0.500022287256847
CALL_FRXUSDJPY_100_1352345145_1352345445_S0P_0: 0.493801179553486
CALL_FRXUSDJPY_100_1352345145_1352345745_S0P_0: 0.508456256708424
CALL_FRXUSDJPY_100_1352345145_1352346045_S0P_0: 0.508381805020069
PUT_FRXUSDJPY_100_1352345145_1352345265_S0P_0: 0.499977712743153
PUT_FRXUSDJPY_100_1352345145_1352345445_S0P_0: 0.506198820446514
PUT_FRXUSDJPY_100_1352345145_1352345745_S0P_0: 0.491543743291577
PUT_FRXUSDJPY_100_1352345145_1352346045_S0P_0: 0.491618194979931
event_CALL_FRXUSDJPY_100_1352345145_1352348745_798500_0: 0.328379793793306
event_CALL_FRXUSDJPY_100_1352345145_1352348745_798330_0: 0.416650163371446
event_CALL_FRXUSDJPY_100_1352345145_1352348745_798170_0: 0.503842361599628
event_CALL_FRXUSDJPY_100_1352345145_1352348745_798010_0: 0.596457368917005
event_CALL_FRXUSDJPY_100_1352345145_1352348745_797840_0: 0.689400690575997
event_PUT_FRXUSDJPY_100_1352345145_1352348745_798500_0: 0.68273244511469
event_PUT_FRXUSDJPY_100_1352345145_1352348745_798330_0: 0.589025237875916
event_PUT_FRXUSDJPY_100_1352345145_1352348745_798170_0: 0.496547729115135
event_PUT_FRXUSDJPY_100_1352345145_1352348745_798010_0: 0.409776987834372
event_PUT_FRXUSDJPY_100_1352345145_1352348745_797840_0: 0.322110305632094
event_CALL_FRXUSDJPY_100_1352345145_1352345265_S0P_0: 0.500974315934289
event_CALL_FRXUSDJPY_100_1352345145_1352345445_S0P_0: 0.494495492752121
event_CALL_FRXUSDJPY_100_1352345145_1352345745_S0P_0: 0.508912917895953
event_CALL_FRXUSDJPY_100_1352345145_1352346045_S0P_0: 0.509616975170599
event_PUT_FRXUSDJPY_100_1352345145_1352345265_S0P_0: 0.500929741420596
event_PUT_FRXUSDJPY_100_1352345145_1352345445_S0P_0: 0.50689313364515
event_PUT_FRXUSDJPY_100_1352345145_1352345745_S0P_0: 0.491986791099176
event_PUT_FRXUSDJPY_100_1352345145_1352346045_S0P_0: 0.491784203446438
