---
CALL_FRXUSDJPY_100_1352345145_1352345265_S0P_0: 0.500019556108288
CALL_FRXUSDJPY_100_1352345145_1352345445_S0P_0: 0.493796558988215
CALL_FRXUSDJPY_100_1352345145_1352345745_S0P_0: 0.508454021445492
CALL_FRXUSDJPY_100_1352345145_1352346045_S0P_0: 0.508313248377617
CALL_FRXUSDJPY_100_1352345145_1352348745_797840_0: 0.658220418637399
CALL_FRXUSDJPY_100_1352345145_1352348745_798010_0: 0.580101542594237
CALL_FRXUSDJPY_100_1352345145_1352348745_798170_0: 0.503618119451511
CALL_FRXUSDJPY_100_1352345145_1352348745_798330_0: 0.427214193989294
CALL_FRXUSDJPY_100_1352345145_1352348745_798500_0: 0.34886282172881
PUT_FRXUSDJPY_100_1352345145_1352345265_S0P_0: 0.499980443891711
PUT_FRXUSDJPY_100_1352345145_1352345445_S0P_0: 0.506203441011785
PUT_FRXUSDJPY_100_1352345145_1352345745_S0P_0: 0.491545978554508
PUT_FRXUSDJPY_100_1352345145_1352346045_S0P_0: 0.491686751622383
PUT_FRXUSDJPY_100_1352345145_1352348745_797840_0: 0.342247766674394
PUT_FRXUSDJPY_100_1352345145_1352348745_798010_0: 0.420129243025123
PUT_FRXUSDJPY_100_1352345145_1352348745_798170_0: 0.496381880548489
PUT_FRXUSDJPY_100_1352345145_1352348745_798330_0: 0.573016453361938
PUT_FRXUSDJPY_100_1352345145_1352348745_798500_0: 0.651604791755513
event_CALL_FRXUSDJPY_100_1352345145_1352345265_S0P_0: 0.500101471666829
event_CALL_FRXUSDJPY_100_1352345145_1352345445_S0P_0: 0.493852098908923
event_CALL_FRXUSDJPY_100_1352345145_1352345745_S0P_0: 0.508491160074959
event_CALL_FRXUSDJPY_100_1352345145_1352346045_S0P_0: 0.50950049989045
event_CALL_FRXUSDJPY_100_1352345145_1352348745_797840_0: 0.688132482526158
event_CALL_FRXUSDJPY_100_1352345145_1352348745_798010_0: 0.596125068517307
event_CALL_FRXUSDJPY_100_1352345145_1352348745_798170_0: 0.504547911422478
event_CALL_FRXUSDJPY_100_1352345145_1352348745_798330_0: 0.418686890128748
event_CALL_FRXUSDJPY_100_1352345145_1352348745_798500_0: 0.33173676907462
event_PUT_FRXUSDJPY_100_1352345145_1352345265_S0P_0: 0.500062359450252
event_PUT_FRXUSDJPY_100_1352345145_1352345445_S0P_0: 0.506255230816603
event_PUT_FRXUSDJPY_100_1352345145_1352345745_S0P_0: 0.491568711587552
event_PUT_FRXUSDJPY_100_1352345145_1352346045_S0P_0: 0.491557441289492
event_PUT_FRXUSDJPY_100_1352345145_1352348745_797840_0: 0.324337279092874
event_PUT_FRXUSDJPY_100_1352345145_1352348745_798010_0: 0.410583749573522
event_PUT_FRXUSDJPY_100_1352345145_1352348745_798170_0: 0.495838606566136
event_PUT_FRXUSDJPY_100_1352345145_1352348745_798330_0: 0.587326937674386
event_PUT_FRXUSDJPY_100_1352345145_1352348745_798500_0: 0.680235152034313
