---
CALL_FRXUSDJPY_100_1352345145_1352345265_S0P_0: 0.500022123810201
CALL_FRXUSDJPY_100_1352345145_1352345445_S0P_0: 0.493800618881345
CALL_FRXUSDJPY_100_1352345145_1352345745_S0P_0: 0.508456156946252
CALL_FRXUSDJPY_100_1352345145_1352346045_S0P_0: 0.508379967194116
CALL_FRXUSDJPY_100_1352345145_1352348745_797840_0: 0.661906560071909
CALL_FRXUSDJPY_100_1352345145_1352348745_798010_0: 0.582316423280318
CALL_FRXUSDJPY_100_1352345145_1352348745_798170_0: 0.504217408938541
CALL_FRXUSDJPY_100_1352345145_1352348745_798330_0: 0.425945637750645
CALL_FRXUSDJPY_100_1352345145_1352348745_798500_0: 0.345792641360203
PUT_FRXUSDJPY_100_1352345145_1352345265_S0P_0: 0.499977876189799
PUT_FRXUSDJPY_100_1352345145_1352345445_S0P_0: 0.506199381118655
PUT_FRXUSDJPY_100_1352345145_1352345745_S0P_0: 0.491543843053748
PUT_FRXUSDJPY_100_1352345145_1352346045_S0P_0: 0.491620032805884
PUT_FRXUSDJPY_100_1352345145_1352348745_797840_0: 0.33904968721938
PUT_FRXUSDJPY_100_1352345145_1352348745_798010_0: 0.418703388146503
PUT_FRXUSDJPY_100_1352345145_1352348745_798170_0: 0.4968152370226
PUT_FRXUSDJPY_100_1352345145_1352348745_798330_0: 0.57507743291174
PUT_FRXUSDJPY_100_1352345145_1352348745_798500_0: 0.655169866231295
event_CALL_FRXUSDJPY_100_1352345145_1352345265_S0P_0: 0.500974152487644
event_CALL_FRXUSDJPY_100_1352345145_1352345445_S0P_0: 0.49449493207998
event_CALL_FRXUSDJPY_100_1352345145_1352345745_S0P_0: 0.508912006826197
event_CALL_FRXUSDJPY_100_1352345145_1352346045_S0P_0: 0.509520460159988
event_CALL_FRXUSDJPY_100_1352345145_1352348745_797840_0: 0.686909119690581
event_CALL_FRXUSDJPY_100_1352345145_1352348745_798010_0: 0.595473337921703
event_CALL_FRXUSDJPY_100_1352345145_1352348745_798170_0: 0.504822695626681
event_CALL_FRXUSDJPY_100_1352345145_1352348745_798330_0: 0.418801364916423
event_CALL_FRXUSDJPY_100_1352345145_1352348745_798500_0: 0.33133263887133
event_PUT_FRXUSDJPY_100_1352345145_1352345265_S0P_0: 0.500929904867241
event_PUT_FRXUSDJPY_100_1352345145_1352345445_S0P_0: 0.506893694317291
event_PUT_FRXUSDJPY_100_1352345145_1352345745_S0P_0: 0.491987702168932
event_PUT_FRXUSDJPY_100_1352345145_1352346045_S0P_0: 0.491805876191335
event_PUT_FRXUSDJPY_100_1352345145_1352348745_797840_0: 0.323930421193907
event_PUT_FRXUSDJPY_100_1352345145_1352348745_798010_0: 0.41069937453826
event_PUT_FRXUSDJPY_100_1352345145_1352348745_798170_0: 0.496493725328807
event_PUT_FRXUSDJPY_100_1352345145_1352348745_798330_0: 0.586788461020806
event_PUT_FRXUSDJPY_100_1352345145_1352348745_798500_0: 0.679089971972327
