---
CALL_FRXUSDJPY_100_1352345145_1352345265_S0P_0: 0.500022287959077
CALL_FRXUSDJPY_100_1352345145_1352345445_S0P_0: 0.493800878423501
CALL_FRXUSDJPY_100_1352345145_1352345745_S0P_0: 0.508456259599294
CALL_FRXUSDJPY_100_1352345145_1352346045_S0P_0: 0.508381805020069
CALL_FRXUSDJPY_100_1352345145_1352348745_797840_0: 0.661580346014391
CALL_FRXUSDJPY_100_1352345145_1352348745_798010_0: 0.581655755434009
CALL_FRXUSDJPY_100_1352345145_1352348745_798170_0: 0.503251797662043
CALL_FRXUSDJPY_100_1352345145_1352348745_798330_0: 0.424706446371951
CALL_FRXUSDJPY_100_1352345145_1352348745_798500_0: 0.344343566189276
PUT_FRXUSDJPY_100_1352345145_1352345265_S0P_0: 0.499977712040923
PUT_FRXUSDJPY_100_1352345145_1352345445_S0P_0: 0.506199121576499
PUT_FRXUSDJPY_100_1352345145_1352345745_S0P_0: 0.491543740400706
PUT_FRXUSDJPY_100_1352345145_1352346045_S0P_0: 0.491618194979931
PUT_FRXUSDJPY_100_1352345145_1352348745_797840_0: 0.338419653985609
PUT_FRXUSDJPY_100_1352345145_1352348745_798010_0: 0.418344244565991
PUT_FRXUSDJPY_100_1352345145_1352348745_798170_0: 0.496748202337957
PUT_FRXUSDJPY_100_1352345145_1352348745_798330_0: 0.575293553628049
PUT_FRXUSDJPY_100_1352345145_1352348745_798500_0: 0.655656433810724
event_CALL_FRXUSDJPY_100_1352345145_1352345265_S0P_0: 0.500974316636519
event_CALL_FRXUSDJPY_100_1352345145_1352345445_S0P_0: 0.494495191622136
event_CALL_FRXUSDJPY_100_1352345145_1352345745_S0P_0: 0.508912920786824
event_CALL_FRXUSDJPY_100_1352345145_1352346045_S0P_0: 0.509616975170599
event_CALL_FRXUSDJPY_100_1352345145_1352348745_797840_0: 0.68955210880333
event_CALL_FRXUSDJPY_100_1352345145_1352348745_798010_0: 0.596627759266503
event_CALL_FRXUSDJPY_100_1352345145_1352348745_798170_0: 0.504019304772412
event_CALL_FRXUSDJPY_100_1352345145_1352348745_798330_0: 0.41680945631159
event_CALL_FRXUSDJPY_100_1352345145_1352348745_798500_0: 0.328524324230257
event_PUT_FRXUSDJPY_100_1352345145_1352345265_S0P_0: 0.500929740718366
event_PUT_FRXUSDJPY_100_1352345145_1352345445_S0P_0: 0.506893434775134
event_PUT_FRXUSDJPY_100_1352345145_1352345745_S0P_0: 0.491986788208305
event_PUT_FRXUSDJPY_100_1352345145_1352346045_S0P_0: 0.491784203446438
event_PUT_FRXUSDJPY_100_1352345145_1352348745_797840_0: 0.321966893367279
event_PUT_FRXUSDJPY_100_1352345145_1352348745_798010_0: 0.409618287292651
event_PUT_FRXUSDJPY_100_1352345145_1352348745_798170_0: 0.496383806984101
event_PUT_FRXUSDJPY_100_1352345145_1352348745_798330_0: 0.588854100530233
event_PUT_FRXUSDJPY_100_1352345145_1352348745_798500_0: 0.682579639950791
