---
CALL_AEX_1454284800_1454285700_100.00: 0.499023825862275
CALL_AEX_1454284800_1454286000_100.00: 0.498872811572555
CALL_AEX_1454284800_1454286300_100.00: 0.498739765445584
CALL_AEX_1454284800_1454287200_100.00: 0.498405916959521
CALL_AEX_1454284800_1454288400_100.00: 0.498047657569235
PUT_AEX_1454284800_1454285700_100.00: 0.500976174137725
PUT_AEX_1454284800_1454286000_100.00: 0.501127188427445
PUT_AEX_1454284800_1454286300_100.00: 0.501260234554416
PUT_AEX_1454284800_1454287200_100.00: 0.501594083040479
PUT_AEX_1454284800_1454288400_100.00: 0.501952342430764
