---
CALL_FRXUSDJPY_100_1352345145_1352345265_S0P_0: 0.500057169390875
CALL_FRXUSDJPY_100_1352345145_1352345445_S0P_0: 0.493855899552054
CALL_FRXUSDJPY_100_1352345145_1352345745_S0P_0: 0.508504334085722
CALL_FRXUSDJPY_100_1352345145_1352346045_S0P_0: 0.510185680104691
CALL_FRXUSDJPY_100_1352345145_1352348745_79784000_0: 0.736616859897715
CALL_FRXUSDJPY_100_1352345145_1352348745_79801000_0: 0.623223115097755
CALL_FRXUSDJPY_100_1352345145_1352348745_79817000_0: 0.505674559814709
CALL_FRXUSDJPY_100_1352345145_1352348745_79833000_0: 0.387560063886778
CALL_FRXUSDJPY_100_1352345145_1352348745_79850000_0: 0.272515134810968
PUT_FRXUSDJPY_100_1352345145_1352345265_S0P_0: 0.499948350799163
PUT_FRXUSDJPY_100_1352345145_1352345445_S0P_0: 0.506152707135155
PUT_FRXUSDJPY_100_1352345145_1352345745_S0P_0: 0.491495665914278
PUT_FRXUSDJPY_100_1352345145_1352346045_S0P_0: 0.489814319895309
PUT_FRXUSDJPY_100_1352345145_1352348745_79784000_0: 0.263383140102285
PUT_FRXUSDJPY_100_1352345145_1352348745_79801000_0: 0.376776884902245
PUT_FRXUSDJPY_100_1352345145_1352348745_79817000_0: 0.494325440185291
PUT_FRXUSDJPY_100_1352345145_1352348745_79833000_0: 0.612439936113222
PUT_FRXUSDJPY_100_1352345145_1352348745_79850000_0: 0.727484865189032
event_CALL_FRXUSDJPY_100_1352345145_1352345265_S0P_0: 0.500058856946466
event_CALL_FRXUSDJPY_100_1352345145_1352345445_S0P_0: 0.493858577147103
event_CALL_FRXUSDJPY_100_1352345145_1352345745_S0P_0: 0.50850814260071
event_CALL_FRXUSDJPY_100_1352345145_1352346045_S0P_0: 0.510472105691634
event_CALL_FRXUSDJPY_100_1352345145_1352348745_79784000_0: 0.752233871401392
event_CALL_FRXUSDJPY_100_1352345145_1352348745_79801000_0: 0.632334600866954
event_CALL_FRXUSDJPY_100_1352345145_1352348745_79817000_0: 0.506128594473938
event_CALL_FRXUSDJPY_100_1352345145_1352348745_79833000_0: 0.386856661742244
event_CALL_FRXUSDJPY_100_1352345145_1352348745_79850000_0: 0.271294145043891
event_PUT_FRXUSDJPY_100_1352345145_1352345265_S0P_0: 0.499948225346261
event_PUT_FRXUSDJPY_100_1352345145_1352345445_S0P_0: 0.50615250808271
event_PUT_FRXUSDJPY_100_1352345145_1352345745_S0P_0: 0.491495382789231
event_PUT_FRXUSDJPY_100_1352345145_1352346045_S0P_0: 0.489813971309633
event_PUT_FRXUSDJPY_100_1352345145_1352348745_79784000_0: 0.262160249898163
event_PUT_FRXUSDJPY_100_1352345145_1352348745_79801000_0: 0.376071886239243
event_PUT_FRXUSDJPY_100_1352345145_1352348745_79817000_0: 0.494324739348554
event_PUT_FRXUSDJPY_100_1352345145_1352348745_79833000_0: 0.620786570580682
event_PUT_FRXUSDJPY_100_1352345145_1352348745_79850000_0: 0.742718825109941
