---
CALL_FRXUSDJPY_100_1352345145_1352345265_S0P_0: 0.500022123810201
CALL_FRXUSDJPY_100_1352345145_1352345445_S0P_0: 0.493800618881345
CALL_FRXUSDJPY_100_1352345145_1352345745_S0P_0: 0.508456156946252
CALL_FRXUSDJPY_100_1352345145_1352346045_S0P_0: 0.508379967194116
CALL_FRXUSDJPY_100_1352345145_1352348745_797840_0: 0.661906560071909
CALL_FRXUSDJPY_100_1352345145_1352348745_798010_0: 0.582316423280318
CALL_FRXUSDJPY_100_1352345145_1352348745_798170_0: 0.504217408938541
CALL_FRXUSDJPY_100_1352345145_1352348745_798330_0: 0.425945637750645
CALL_FRXUSDJPY_100_1352345145_1352348745_798500_0: 0.345792641360203
PUT_FRXUSDJPY_100_1352345145_1352345265_S0P_0: 0.499977876189799
PUT_FRXUSDJPY_100_1352345145_1352345445_S0P_0: 0.506199381118655
PUT_FRXUSDJPY_100_1352345145_1352345745_S0P_0: 0.491543843053748
PUT_FRXUSDJPY_100_1352345145_1352346045_S0P_0: 0.491620032805884
PUT_FRXUSDJPY_100_1352345145_1352348745_797840_0: 0.33904968721938
PUT_FRXUSDJPY_100_1352345145_1352348745_798010_0: 0.418703388146503
PUT_FRXUSDJPY_100_1352345145_1352348745_798170_0: 0.4968152370226
PUT_FRXUSDJPY_100_1352345145_1352348745_798330_0: 0.57507743291174
PUT_FRXUSDJPY_100_1352345145_1352348745_798500_0: 0.655169866231295
event_CALL_FRXUSDJPY_100_1352345145_1352345265_S0P_0: 0.500974152487644
event_CALL_FRXUSDJPY_100_1352345145_1352345445_S0P_0: 0.49449493207998
event_CALL_FRXUSDJPY_100_1352345145_1352345745_S0P_0: 0.508912006015221
event_CALL_FRXUSDJPY_100_1352345145_1352346045_S0P_0: 0.509520440478148
event_CALL_FRXUSDJPY_100_1352345145_1352348745_797840_0: 0.686895497029996
event_CALL_FRXUSDJPY_100_1352345145_1352348745_798010_0: 0.595465952418749
event_CALL_FRXUSDJPY_100_1352345145_1352348745_798170_0: 0.504822581474569
event_CALL_FRXUSDJPY_100_1352345145_1352348745_798330_0: 0.418802924806686
event_CALL_FRXUSDJPY_100_1352345145_1352348745_798500_0: 0.331335763306389
event_PUT_FRXUSDJPY_100_1352345145_1352345265_S0P_0: 0.500929904867241
event_PUT_FRXUSDJPY_100_1352345145_1352345445_S0P_0: 0.506893694317291
event_PUT_FRXUSDJPY_100_1352345145_1352345745_S0P_0: 0.491987702979908
event_PUT_FRXUSDJPY_100_1352345145_1352346045_S0P_0: 0.491805895578617
event_PUT_FRXUSDJPY_100_1352345145_1352348745_797840_0: 0.323933683394183
event_PUT_FRXUSDJPY_100_1352345145_1352348745_798010_0: 0.410701120565865
event_PUT_FRXUSDJPY_100_1352345145_1352348745_798170_0: 0.496493813661869
event_PUT_FRXUSDJPY_100_1352345145_1352348745_798330_0: 0.586781860156271
event_PUT_FRXUSDJPY_100_1352345145_1352348745_798500_0: 0.679076898452909
