---
CALL_FRXUSDJPY_100_1352345145_1352345265_S0P_0: 0.500022123810201
CALL_FRXUSDJPY_100_1352345145_1352345445_S0P_0: 0.493800618881345
CALL_FRXUSDJPY_100_1352345145_1352345745_S0P_0: 0.508456156946252
CALL_FRXUSDJPY_100_1352345145_1352346045_S0P_0: 0.508379967194116
CALL_FRXUSDJPY_100_1352345145_1352348745_797840_0: 0.66230243529227
CALL_FRXUSDJPY_100_1352345145_1352348745_798010_0: 0.582553891956552
CALL_FRXUSDJPY_100_1352345145_1352348745_798170_0: 0.504284836807038
CALL_FRXUSDJPY_100_1352345145_1352348745_798330_0: 0.425828209830602
CALL_FRXUSDJPY_100_1352345145_1352348745_798500_0: 0.345498541335186
PUT_FRXUSDJPY_100_1352345145_1352345265_S0P_0: 0.499977876189799
PUT_FRXUSDJPY_100_1352345145_1352345445_S0P_0: 0.506199381118655
PUT_FRXUSDJPY_100_1352345145_1352345745_S0P_0: 0.491543843053748
PUT_FRXUSDJPY_100_1352345145_1352346045_S0P_0: 0.491620032805884
PUT_FRXUSDJPY_100_1352345145_1352348745_797840_0: 0.338739943327944
PUT_FRXUSDJPY_100_1352345145_1352348745_798010_0: 0.418566222165757
PUT_FRXUSDJPY_100_1352345145_1352348745_798170_0: 0.496861571474583
PUT_FRXUSDJPY_100_1352345145_1352348745_798330_0: 0.575295197484964
PUT_FRXUSDJPY_100_1352345145_1352348745_798500_0: 0.655550177877349
event_CALL_FRXUSDJPY_100_1352345145_1352345265_S0P_0: 0.500974152487644
event_CALL_FRXUSDJPY_100_1352345145_1352345445_S0P_0: 0.49449493207998
event_CALL_FRXUSDJPY_100_1352345145_1352345745_S0P_0: 0.508912818133781
event_CALL_FRXUSDJPY_100_1352345145_1352346045_S0P_0: 0.509612244308393
event_CALL_FRXUSDJPY_100_1352345145_1352348745_797840_0: 0.689783685285706
event_CALL_FRXUSDJPY_100_1352345145_1352348745_798010_0: 0.597059766701052
event_CALL_FRXUSDJPY_100_1352345145_1352348745_798170_0: 0.50493542439144
event_CALL_FRXUSDJPY_100_1352345145_1352348745_798330_0: 0.418070042015018
event_CALL_FRXUSDJPY_100_1352345145_1352348745_798500_0: 0.329812736737804
event_PUT_FRXUSDJPY_100_1352345145_1352345265_S0P_0: 0.500929904867241
event_PUT_FRXUSDJPY_100_1352345145_1352345445_S0P_0: 0.506893694317291
event_PUT_FRXUSDJPY_100_1352345145_1352345745_S0P_0: 0.491986890861348
event_PUT_FRXUSDJPY_100_1352345145_1352346045_S0P_0: 0.491786312929854
event_PUT_FRXUSDJPY_100_1352345145_1352348745_797840_0: 0.322341850038668
event_PUT_FRXUSDJPY_100_1352345145_1352348745_798010_0: 0.409874909110201
event_PUT_FRXUSDJPY_100_1352345145_1352348745_798170_0: 0.496505030125228
event_PUT_FRXUSDJPY_100_1352345145_1352348745_798330_0: 0.588211450710295
event_PUT_FRXUSDJPY_100_1352345145_1352348745_798500_0: 0.681851111101428
