---
CALL_FRXUSDJPY_100_1352345145_1352348745_798500_0: 0.272667462694
CALL_FRXUSDJPY_100_1352345145_1352348745_798330_0: 0.38723627417
CALL_FRXUSDJPY_100_1352345145_1352348745_798170_0: 0.505205394547
CALL_FRXUSDJPY_100_1352345145_1352348745_798010_0: 0.622740515879
CALL_FRXUSDJPY_100_1352345145_1352348745_797840_0: 0.73601816513
PUT_FRXUSDJPY_100_1352345145_1352348745_798500_0: 0.727332537306
PUT_FRXUSDJPY_100_1352345145_1352348745_798330_0: 0.61276372583
PUT_FRXUSDJPY_100_1352345145_1352348745_798170_0: 0.494794605453
PUT_FRXUSDJPY_100_1352345145_1352348745_798010_0: 0.377259484121
PUT_FRXUSDJPY_100_1352345145_1352348745_797840_0: 0.26398183487
event_CALL_FRXUSDJPY_100_1352345145_1352345265_S0P_0: 0.500057006795
event_CALL_FRXUSDJPY_100_1352345145_1352345445_S0P_0: 0.493855641565
event_CALL_FRXUSDJPY_100_1352345145_1352345745_S0P_0: 0.508503967135
event_CALL_FRXUSDJPY_100_1352345145_1352346045_S0P_0: 0.509888502566
event_PUT_FRXUSDJPY_100_1352345145_1352345265_S0P_0: 0.49994654345
event_PUT_FRXUSDJPY_100_1352345145_1352345445_S0P_0: 0.506149839708
event_PUT_FRXUSDJPY_100_1352345145_1352345745_S0P_0: 0.491496032865
event_PUT_FRXUSDJPY_100_1352345145_1352346045_S0P_0: 0.490111497434
event_CALL_FRXUSDJPY_100_1352345145_1352348745_798500_0: 0.274402766535
event_CALL_FRXUSDJPY_100_1352345145_1352348745_798330_0: 0.388181386361
event_CALL_FRXUSDJPY_100_1352345145_1352348745_798170_0: 0.505288436868
event_CALL_FRXUSDJPY_100_1352345145_1352348745_798010_0: 0.6228235582
event_CALL_FRXUSDJPY_100_1352345145_1352348745_797840_0: 0.736101207451
event_PUT_FRXUSDJPY_100_1352345145_1352348745_798500_0: 0.727415579626
event_PUT_FRXUSDJPY_100_1352345145_1352348745_798330_0: 0.612846768151
event_PUT_FRXUSDJPY_100_1352345145_1352348745_798170_0: 0.494877647773
event_PUT_FRXUSDJPY_100_1352345145_1352348745_798010_0: 0.378287503881
event_PUT_FRXUSDJPY_100_1352345145_1352348745_797840_0: 0.265767640702
event_CALL_FRXUSDJPY_100_1352345145_1352345265_S0P_0: 0.500057006795
event_CALL_FRXUSDJPY_100_1352345145_1352345445_S0P_0: 0.493855641565
event_CALL_FRXUSDJPY_100_1352345145_1352345745_S0P_0: 0.508503967135
event_CALL_FRXUSDJPY_100_1352345145_1352346045_S0P_0: 0.509888502566
event_PUT_FRXUSDJPY_100_1352345145_1352345265_S0P_0: 0.49994654345
event_PUT_FRXUSDJPY_100_1352345145_1352345445_S0P_0: 0.506149839708
event_PUT_FRXUSDJPY_100_1352345145_1352345745_S0P_0: 0.491496032865
event_PUT_FRXUSDJPY_100_1352345145_1352346045_S0P_0: 0.490111497434
