---
CALL_FRXUSDJPY_100_1352345145_1352345265_S0P_0: 0.500055091220278
CALL_FRXUSDJPY_100_1352345145_1352345445_S0P_0: 0.493852602179611
CALL_FRXUSDJPY_100_1352345145_1352345745_S0P_0: 0.508499644021643
CALL_FRXUSDJPY_100_1352345145_1352346045_S0P_0: 0.509883179916835
CALL_FRXUSDJPY_100_1352345145_1352348745_797840_0: 0.7196724662369
CALL_FRXUSDJPY_100_1352345145_1352348745_798010_0: 0.613565162231752
CALL_FRXUSDJPY_100_1352345145_1352348745_798170_0: 0.50519469328119
CALL_FRXUSDJPY_100_1352345145_1352348745_798330_0: 0.396387655781425
CALL_FRXUSDJPY_100_1352345145_1352348745_798500_0: 0.288984552972884
PUT_FRXUSDJPY_100_1352345145_1352345265_S0P_0: 0.499948459024758
PUT_FRXUSDJPY_100_1352345145_1352345445_S0P_0: 0.506152879093941
PUT_FRXUSDJPY_100_1352345145_1352345745_S0P_0: 0.491500355978357
PUT_FRXUSDJPY_100_1352345145_1352346045_S0P_0: 0.490116820083165
PUT_FRXUSDJPY_100_1352345145_1352348745_797840_0: 0.2803275337631
PUT_FRXUSDJPY_100_1352345145_1352348745_798010_0: 0.386434837768249
PUT_FRXUSDJPY_100_1352345145_1352348745_798170_0: 0.49480530671881
PUT_FRXUSDJPY_100_1352345145_1352348745_798330_0: 0.603612344218575
PUT_FRXUSDJPY_100_1352345145_1352348745_798500_0: 0.711015447027116
event_CALL_FRXUSDJPY_100_1352345145_1352345265_S0P_0: 0.500055091220278
event_CALL_FRXUSDJPY_100_1352345145_1352345445_S0P_0: 0.493852602179611
event_CALL_FRXUSDJPY_100_1352345145_1352345745_S0P_0: 0.508499644021643
event_CALL_FRXUSDJPY_100_1352345145_1352346045_S0P_0: 0.509883179916835
event_CALL_FRXUSDJPY_100_1352345145_1352348745_797840_0: 0.7196724662369
event_CALL_FRXUSDJPY_100_1352345145_1352348745_798010_0: 0.613565162231752
event_CALL_FRXUSDJPY_100_1352345145_1352348745_798170_0: 0.50519469328119
event_CALL_FRXUSDJPY_100_1352345145_1352348745_798330_0: 0.396387655781425
event_CALL_FRXUSDJPY_100_1352345145_1352348745_798500_0: 0.288984552972884
event_PUT_FRXUSDJPY_100_1352345145_1352345265_S0P_0: 0.499948459024758
event_PUT_FRXUSDJPY_100_1352345145_1352345445_S0P_0: 0.506152879093941
event_PUT_FRXUSDJPY_100_1352345145_1352345745_S0P_0: 0.491500355978357
event_PUT_FRXUSDJPY_100_1352345145_1352346045_S0P_0: 0.490116820083165
event_PUT_FRXUSDJPY_100_1352345145_1352348745_797840_0: 0.2803275337631
event_PUT_FRXUSDJPY_100_1352345145_1352348745_798010_0: 0.386434837768249
event_PUT_FRXUSDJPY_100_1352345145_1352348745_798170_0: 0.49480530671881
event_PUT_FRXUSDJPY_100_1352345145_1352348745_798330_0: 0.603612344218575
event_PUT_FRXUSDJPY_100_1352345145_1352348745_798500_0: 0.711015447027116
