---
CALL_AEX_1454284800_1454285700_100.00: 0.5
CALL_AEX_1454284800_1454286000_100.00: 0.5
CALL_AEX_1454284800_1454286300_100.00: 0.5
CALL_AEX_1454284800_1454287200_100.00: 0.5
CALL_AEX_1454284800_1454288400_100.00: 0.5
PUT_AEX_1454284800_1454285700_100.00: 0.500976174137725
PUT_AEX_1454284800_1454286000_100.00: 0.501127188427445
PUT_AEX_1454284800_1454286300_100.00: 0.501260234554416
PUT_AEX_1454284800_1454287200_100.00: 0.501594083040479
PUT_AEX_1454284800_1454288400_100.00: 0.501952342430764
