---
CALL_FRXUSDJPY_100_1352345145_1352345265_S0P_0: 0.500022123810201
CALL_FRXUSDJPY_100_1352345145_1352345445_S0P_0: 0.493800618881345
CALL_FRXUSDJPY_100_1352345145_1352345745_S0P_0: 0.508455627197658
CALL_FRXUSDJPY_100_1352345145_1352346045_S0P_0: 0.508342186468538
CALL_FRXUSDJPY_100_1352345145_1352348745_797840_0: 0.662044668619281
CALL_FRXUSDJPY_100_1352345145_1352348745_798010_0: 0.582380584954671
CALL_FRXUSDJPY_100_1352345145_1352348745_798170_0: 0.504214049433274
CALL_FRXUSDJPY_100_1352345145_1352348745_798330_0: 0.426113143844834
CALL_FRXUSDJPY_100_1352345145_1352348745_798500_0: 0.346131412596596
PUT_FRXUSDJPY_100_1352345145_1352345265_S0P_0: 0.499977876189799
PUT_FRXUSDJPY_100_1352345145_1352345445_S0P_0: 0.506199381118655
PUT_FRXUSDJPY_100_1352345145_1352345745_S0P_0: 0.491544372802341
PUT_FRXUSDJPY_100_1352345145_1352346045_S0P_0: 0.491657813531462
PUT_FRXUSDJPY_100_1352345145_1352348745_797840_0: 0.33939234908375
PUT_FRXUSDJPY_100_1352345145_1352348745_798010_0: 0.418876109985929
PUT_FRXUSDJPY_100_1352345145_1352348745_798170_0: 0.496817833835086
PUT_FRXUSDJPY_100_1352345145_1352348745_798330_0: 0.575147517206288
PUT_FRXUSDJPY_100_1352345145_1352348745_798500_0: 0.655312898594479
event_CALL_FRXUSDJPY_100_1352345145_1352345265_S0P_0: 0.500974152487644
event_CALL_FRXUSDJPY_100_1352345145_1352345445_S0P_0: 0.49449493207998
event_CALL_FRXUSDJPY_100_1352345145_1352345745_S0P_0: 0.508911015301885
event_CALL_FRXUSDJPY_100_1352345145_1352346045_S0P_0: 0.509442998617738
event_CALL_FRXUSDJPY_100_1352345145_1352348745_797840_0: 0.686925589157819
event_CALL_FRXUSDJPY_100_1352345145_1352348745_798010_0: 0.595470576935402
event_CALL_FRXUSDJPY_100_1352345145_1352348745_798170_0: 0.504817982132782
event_CALL_FRXUSDJPY_100_1352345145_1352348745_798330_0: 0.418986735244891
event_CALL_FRXUSDJPY_100_1352345145_1352348745_798500_0: 0.331706192148226
event_PUT_FRXUSDJPY_100_1352345145_1352345265_S0P_0: 0.500929904867241
event_PUT_FRXUSDJPY_100_1352345145_1352345445_S0P_0: 0.506893694317291
event_PUT_FRXUSDJPY_100_1352345145_1352345745_S0P_0: 0.491988693693244
event_PUT_FRXUSDJPY_100_1352345145_1352346045_S0P_0: 0.491857712960152
event_PUT_FRXUSDJPY_100_1352345145_1352348745_797840_0: 0.324308843590418
event_PUT_FRXUSDJPY_100_1352345145_1352348745_798010_0: 0.410891901792042
event_PUT_FRXUSDJPY_100_1352345145_1352348745_798170_0: 0.496497360743042
event_PUT_FRXUSDJPY_100_1352345145_1352348745_798330_0: 0.586798329243923
event_PUT_FRXUSDJPY_100_1352345145_1352348745_798500_0: 0.679115035502589
