---
CALL_FRXUSDJPY_100_1352345145_1352345265_S0P_0: 0.500022123810201
CALL_FRXUSDJPY_100_1352345145_1352345445_S0P_0: 0.493800618881345
CALL_FRXUSDJPY_100_1352345145_1352345745_S0P_0: 0.508455019418071
CALL_FRXUSDJPY_100_1352345145_1352346045_S0P_0: 0.508356169490514
CALL_FRXUSDJPY_100_1352345145_1352348745_797840_0: 0.660147554910916
CALL_FRXUSDJPY_100_1352345145_1352348745_798010_0: 0.581406164599969
CALL_FRXUSDJPY_100_1352345145_1352348745_798170_0: 0.504212613326558
CALL_FRXUSDJPY_100_1352345145_1352348745_798330_0: 0.426840848059057
CALL_FRXUSDJPY_100_1352345145_1352348745_798500_0: 0.347546425589883
PUT_FRXUSDJPY_100_1352345145_1352345265_S0P_0: 0.499977876189799
PUT_FRXUSDJPY_100_1352345145_1352345445_S0P_0: 0.506199381118655
PUT_FRXUSDJPY_100_1352345145_1352345745_S0P_0: 0.491544980581929
PUT_FRXUSDJPY_100_1352345145_1352346045_S0P_0: 0.491643830509486
PUT_FRXUSDJPY_100_1352345145_1352348745_797840_0: 0.340883274549797
PUT_FRXUSDJPY_100_1352345145_1352348745_798010_0: 0.41969895493225
PUT_FRXUSDJPY_100_1352345145_1352348745_798170_0: 0.49691759187717
PUT_FRXUSDJPY_100_1352345145_1352348745_798330_0: 0.574267408601138
PUT_FRXUSDJPY_100_1352345145_1352348745_798500_0: 0.653490458820989
event_CALL_FRXUSDJPY_100_1352345145_1352345265_S0P_0: 0.500974152487644
event_CALL_FRXUSDJPY_100_1352345145_1352345445_S0P_0: 0.49449493207998
event_CALL_FRXUSDJPY_100_1352345145_1352345745_S0P_0: 0.508911253387157
event_CALL_FRXUSDJPY_100_1352345145_1352346045_S0P_0: 0.509574390749781
event_CALL_FRXUSDJPY_100_1352345145_1352348745_797840_0: 0.690239250760053
event_CALL_FRXUSDJPY_100_1352345145_1352348745_798010_0: 0.597307412392072
event_CALL_FRXUSDJPY_100_1352345145_1352348745_798170_0: 0.504910978514509
event_CALL_FRXUSDJPY_100_1352345145_1352348745_798330_0: 0.418403333963531
event_CALL_FRXUSDJPY_100_1352345145_1352348745_798500_0: 0.330479790836997
event_PUT_FRXUSDJPY_100_1352345145_1352345265_S0P_0: 0.500929904867241
event_PUT_FRXUSDJPY_100_1352345145_1352345445_S0P_0: 0.506893694317291
event_PUT_FRXUSDJPY_100_1352345145_1352345745_S0P_0: 0.491988455607972
event_PUT_FRXUSDJPY_100_1352345145_1352346045_S0P_0: 0.491823745861092
event_PUT_FRXUSDJPY_100_1352345145_1352348745_797840_0: 0.323038167187924
event_PUT_FRXUSDJPY_100_1352345145_1352348745_798010_0: 0.41024799473125
event_PUT_FRXUSDJPY_100_1352345145_1352348745_798170_0: 0.496523943698284
event_PUT_FRXUSDJPY_100_1352345145_1352348745_798330_0: 0.588432752499228
event_PUT_FRXUSDJPY_100_1352345145_1352348745_798500_0: 0.682288569241215
