---
CALL_FRXUSDJPY_100_1352345145_1352345265_S0P_0: 0.51256021485667
CALL_FRXUSDJPY_100_1352345145_1352345445_S0P_0: 0.508773238543261
CALL_FRXUSDJPY_100_1352345145_1352345745_S0P_0: 0.518112261599685
CALL_FRXUSDJPY_100_1352345145_1352346045_S0P_0: 0.518531178588409
CALL_FRXUSDJPY_100_1352345145_1352348745_797840_0: 0.675344867890946
CALL_FRXUSDJPY_100_1352345145_1352348745_798010_0: 0.595353846241535
CALL_FRXUSDJPY_100_1352345145_1352348745_798170_0: 0.516927645047302
CALL_FRXUSDJPY_100_1352345145_1352348745_798330_0: 0.438402373301176
CALL_FRXUSDJPY_100_1352345145_1352348745_798500_0: 0.358103910439294
NOTOUCH_FRXUSDJPY_100_1352345145_1352348745_797840_0: 0.410180255340699
NOTOUCH_FRXUSDJPY_100_1352345145_1352348745_798010_0: 0.221030892411772
NOTOUCH_FRXUSDJPY_100_1352345145_1352348745_798170_0: 0.05
NOTOUCH_FRXUSDJPY_100_1352345145_1352348745_798330_0: 0.211277320542534
NOTOUCH_FRXUSDJPY_100_1352345145_1352348745_798500_0: 0.401214744273138
ONETOUCH_FRXUSDJPY_100_1352345145_1352348745_797840_0: 0.766613328777672
ONETOUCH_FRXUSDJPY_100_1352345145_1352348745_798010_0: 0.89726994549512
ONETOUCH_FRXUSDJPY_100_1352345145_1352348745_798170_0: 1
ONETOUCH_FRXUSDJPY_100_1352345145_1352348745_798330_0: 0.90727214091302
ONETOUCH_FRXUSDJPY_100_1352345145_1352348745_798500_0: 0.775849146650959
PUT_FRXUSDJPY_100_1352345145_1352345265_S0P_0: 0.51257728514333
PUT_FRXUSDJPY_100_1352345145_1352345445_S0P_0: 0.516570511456739
PUT_FRXUSDJPY_100_1352345145_1352345745_S0P_0: 0.507575238400315
PUT_FRXUSDJPY_100_1352345145_1352346045_S0P_0: 0.507500071411591
PUT_FRXUSDJPY_100_1352345145_1352348745_797840_0: 0.353780132109054
PUT_FRXUSDJPY_100_1352345145_1352348745_798010_0: 0.433771153758465
PUT_FRXUSDJPY_100_1352345145_1352348745_798170_0: 0.512197354952698
PUT_FRXUSDJPY_100_1352345145_1352348745_798330_0: 0.590722626698824
PUT_FRXUSDJPY_100_1352345145_1352348745_798500_0: 0.671021089560706
event_CALL_FRXUSDJPY_100_1352345145_1352345265_S0P_0: 0.513512243534112
event_CALL_FRXUSDJPY_100_1352345145_1352345445_S0P_0: 0.509467551741896
event_CALL_FRXUSDJPY_100_1352345145_1352345745_S0P_0: 0.518568110668654
event_CALL_FRXUSDJPY_100_1352345145_1352346045_S0P_0: 0.519391977068819
event_CALL_FRXUSDJPY_100_1352345145_1352348745_797840_0: 0.700106400966549
event_CALL_FRXUSDJPY_100_1352345145_1352348745_798010_0: 0.608496925551867
event_CALL_FRXUSDJPY_100_1352345145_1352348745_798170_0: 0.517440243517169
event_CALL_FRXUSDJPY_100_1352345145_1352348745_798330_0: 0.431342178502186
event_CALL_FRXUSDJPY_100_1352345145_1352348745_798500_0: 0.344054799545558
event_NOTOUCH_FRXUSDJPY_100_1352345145_1352348745_797840_0: 0.465527288365724
event_NOTOUCH_FRXUSDJPY_100_1352345145_1352348745_798010_0: 0.250371573305729
event_NOTOUCH_FRXUSDJPY_100_1352345145_1352348745_798170_0: 0.05
event_NOTOUCH_FRXUSDJPY_100_1352345145_1352348745_798330_0: 0.238825761813562
event_NOTOUCH_FRXUSDJPY_100_1352345145_1352348745_798500_0: 0.455225895216057
event_ONETOUCH_FRXUSDJPY_100_1352345145_1352348745_797840_0: 0.743485436283847
event_ONETOUCH_FRXUSDJPY_100_1352345145_1352348745_798010_0: 0.885108372793373
event_ONETOUCH_FRXUSDJPY_100_1352345145_1352348745_798170_0: 1
event_ONETOUCH_FRXUSDJPY_100_1352345145_1352348745_798330_0: 0.896137087019165
event_ONETOUCH_FRXUSDJPY_100_1352345145_1352348745_798500_0: 0.75350384101137
event_PUT_FRXUSDJPY_100_1352345145_1352345265_S0P_0: 0.513529313820772
event_PUT_FRXUSDJPY_100_1352345145_1352345445_S0P_0: 0.517264824655375
event_PUT_FRXUSDJPY_100_1352345145_1352345745_S0P_0: 0.508019098326474
event_PUT_FRXUSDJPY_100_1352345145_1352346045_S0P_0: 0.507718471231748
event_PUT_FRXUSDJPY_100_1352345145_1352348745_797840_0: 0.339301955457098
event_PUT_FRXUSDJPY_100_1352345145_1352348745_798010_0: 0.426156841695313
event_PUT_FRXUSDJPY_100_1352345145_1352348745_798170_0: 0.511982321346749
event_PUT_FRXUSDJPY_100_1352345145_1352348745_798330_0: 0.602918958734004
event_PUT_FRXUSDJPY_100_1352345145_1352348745_798500_0: 0.695067296549984
