---
CALL_FRXUSDJPY_100_1352345145_1352345265_S0P_0: 0.500022287959077
CALL_FRXUSDJPY_100_1352345145_1352345445_S0P_0: 0.493800878423501
CALL_FRXUSDJPY_100_1352345145_1352345745_S0P_0: 0.508456259599294
CALL_FRXUSDJPY_100_1352345145_1352346045_S0P_0: 0.508381805020069
CALL_FRXUSDJPY_100_1352345145_1352348745_797840_0: 0.661580346014391
CALL_FRXUSDJPY_100_1352345145_1352348745_798010_0: 0.581655755434009
CALL_FRXUSDJPY_100_1352345145_1352348745_798170_0: 0.503251797662043
CALL_FRXUSDJPY_100_1352345145_1352348745_798330_0: 0.424706446371951
CALL_FRXUSDJPY_100_1352345145_1352348745_798500_0: 0.344343566189276
PUT_FRXUSDJPY_100_1352345145_1352345265_S0P_0: 0.499977712040923
PUT_FRXUSDJPY_100_1352345145_1352345445_S0P_0: 0.506199121576499
PUT_FRXUSDJPY_100_1352345145_1352345745_S0P_0: 0.491543740400706
PUT_FRXUSDJPY_100_1352345145_1352346045_S0P_0: 0.491618194979931
PUT_FRXUSDJPY_100_1352345145_1352348745_797840_0: 0.338419653985609
PUT_FRXUSDJPY_100_1352345145_1352348745_798010_0: 0.418344244565991
PUT_FRXUSDJPY_100_1352345145_1352348745_798170_0: 0.496748202337957
PUT_FRXUSDJPY_100_1352345145_1352348745_798330_0: 0.575293553628049
PUT_FRXUSDJPY_100_1352345145_1352348745_798500_0: 0.655656433810724
event_CALL_FRXUSDJPY_100_1352345145_1352345265_S0P_0: 0.500974316636519
event_CALL_FRXUSDJPY_100_1352345145_1352345445_S0P_0: 0.494495191622136
event_CALL_FRXUSDJPY_100_1352345145_1352345745_S0P_0: 0.508912108668264
event_CALL_FRXUSDJPY_100_1352345145_1352346045_S0P_0: 0.509525106439348
event_CALL_FRXUSDJPY_100_1352345145_1352348745_797840_0: 0.686451914095954
event_CALL_FRXUSDJPY_100_1352345145_1352348745_798010_0: 0.59495107893681
event_CALL_FRXUSDJPY_100_1352345145_1352348745_798170_0: 0.503931594162635
event_CALL_FRXUSDJPY_100_1352345145_1352348745_798330_0: 0.417735857577207
event_CALL_FRXUSDJPY_100_1352345145_1352348745_798500_0: 0.330361811049259
event_PUT_FRXUSDJPY_100_1352345145_1352345265_S0P_0: 0.500929740718366
event_PUT_FRXUSDJPY_100_1352345145_1352345445_S0P_0: 0.506893434775134
event_PUT_FRXUSDJPY_100_1352345145_1352345745_S0P_0: 0.491987600326865
event_PUT_FRXUSDJPY_100_1352345145_1352346045_S0P_0: 0.491803821786264
event_PUT_FRXUSDJPY_100_1352345145_1352348745_797840_0: 0.323875594510161
event_PUT_FRXUSDJPY_100_1352345145_1352348745_798010_0: 0.410641143458554
event_PUT_FRXUSDJPY_100_1352345145_1352348745_798170_0: 0.496436332815671
event_PUT_FRXUSDJPY_100_1352345145_1352348745_798330_0: 0.587336123704422
event_PUT_FRXUSDJPY_100_1352345145_1352348745_798500_0: 0.679589904410905
