---
CALL_FRXUSDJPY_100_1352345145_1352345265_S0P_0: 0.500019556108288
CALL_FRXUSDJPY_100_1352345145_1352345445_S0P_0: 0.493796558988215
CALL_FRXUSDJPY_100_1352345145_1352345745_S0P_0: 0.508453966260018
CALL_FRXUSDJPY_100_1352345145_1352346045_S0P_0: 0.508312305128718
CALL_FRXUSDJPY_100_1352345145_1352348745_79784000_0: 0.658227731294453
CALL_FRXUSDJPY_100_1352345145_1352348745_79801000_0: 0.580105408842218
CALL_FRXUSDJPY_100_1352345145_1352348745_79817000_0: 0.503618315833157
CALL_FRXUSDJPY_100_1352345145_1352348745_79833000_0: 0.427210696330063
CALL_FRXUSDJPY_100_1352345145_1352348745_79850000_0: 0.348855804810349
PUT_FRXUSDJPY_100_1352345145_1352345265_S0P_0: 0.499980443891711
PUT_FRXUSDJPY_100_1352345145_1352345445_S0P_0: 0.506203441011785
PUT_FRXUSDJPY_100_1352345145_1352345745_S0P_0: 0.491546033739982
PUT_FRXUSDJPY_100_1352345145_1352346045_S0P_0: 0.491687694871282
PUT_FRXUSDJPY_100_1352345145_1352348745_79784000_0: 0.34224045401734
PUT_FRXUSDJPY_100_1352345145_1352348745_79801000_0: 0.420125376777143
PUT_FRXUSDJPY_100_1352345145_1352348745_79817000_0: 0.496381684166843
PUT_FRXUSDJPY_100_1352345145_1352348745_79833000_0: 0.573019951021168
PUT_FRXUSDJPY_100_1352345145_1352348745_79850000_0: 0.651611808673973
event_CALL_FRXUSDJPY_100_1352345145_1352345265_S0P_0: 0.500101471666829
event_CALL_FRXUSDJPY_100_1352345145_1352345445_S0P_0: 0.493852099542546
event_CALL_FRXUSDJPY_100_1352345145_1352345745_S0P_0: 0.508491146907909
event_CALL_FRXUSDJPY_100_1352345145_1352346045_S0P_0: 0.509499891413288
event_CALL_FRXUSDJPY_100_1352345145_1352348745_79784000_0: 0.688142021511658
event_CALL_FRXUSDJPY_100_1352345145_1352348745_79801000_0: 0.596130242967761
event_CALL_FRXUSDJPY_100_1352345145_1352348745_79817000_0: 0.504548183537068
event_CALL_FRXUSDJPY_100_1352345145_1352348745_79833000_0: 0.418682987411383
event_CALL_FRXUSDJPY_100_1352345145_1352348745_79850000_0: 0.331729040381946
event_PUT_FRXUSDJPY_100_1352345145_1352345265_S0P_0: 0.500062359450252
event_PUT_FRXUSDJPY_100_1352345145_1352345445_S0P_0: 0.506255230816603
event_PUT_FRXUSDJPY_100_1352345145_1352345745_S0P_0: 0.491568763082932
event_PUT_FRXUSDJPY_100_1352345145_1352346045_S0P_0: 0.491558447133283
event_PUT_FRXUSDJPY_100_1352345145_1352348745_79784000_0: 0.324329249503482
event_PUT_FRXUSDJPY_100_1352345145_1352348745_79801000_0: 0.410579440793393
event_PUT_FRXUSDJPY_100_1352345145_1352348745_79817000_0: 0.495838385650847
event_PUT_FRXUSDJPY_100_1352345145_1352348745_79833000_0: 0.587331620141791
event_PUT_FRXUSDJPY_100_1352345145_1352348745_79850000_0: 0.680244349724295
