---
CALL_FRXUSDJPY_100_1352345145_1352345265_S0P_0: 0.500019556108288
CALL_FRXUSDJPY_100_1352345145_1352345445_S0P_0: 0.493796558988215
CALL_FRXUSDJPY_100_1352345145_1352345745_S0P_0: 0.508454021445492
CALL_FRXUSDJPY_100_1352345145_1352346045_S0P_0: 0.508313248377617
CALL_FRXUSDJPY_100_1352345145_1352348745_797840_0: 0.658220418637399
CALL_FRXUSDJPY_100_1352345145_1352348745_798010_0: 0.580101542594237
CALL_FRXUSDJPY_100_1352345145_1352348745_798170_0: 0.503618119451511
CALL_FRXUSDJPY_100_1352345145_1352348745_798330_0: 0.427214193989294
CALL_FRXUSDJPY_100_1352345145_1352348745_798500_0: 0.34886282172881
PUT_FRXUSDJPY_100_1352345145_1352345265_S0P_0: 0.499980443891711
PUT_FRXUSDJPY_100_1352345145_1352345445_S0P_0: 0.506203441011785
PUT_FRXUSDJPY_100_1352345145_1352345745_S0P_0: 0.491545978554508
PUT_FRXUSDJPY_100_1352345145_1352346045_S0P_0: 0.491686751622383
PUT_FRXUSDJPY_100_1352345145_1352348745_797840_0: 0.342247766674394
PUT_FRXUSDJPY_100_1352345145_1352348745_798010_0: 0.420129243025123
PUT_FRXUSDJPY_100_1352345145_1352348745_798170_0: 0.496381880548489
PUT_FRXUSDJPY_100_1352345145_1352348745_798330_0: 0.573016453361938
PUT_FRXUSDJPY_100_1352345145_1352348745_798500_0: 0.651604791755513
event_CALL_FRXUSDJPY_100_1352345145_1352345265_S0P_0: 0.500971584785731
event_CALL_FRXUSDJPY_100_1352345145_1352345445_S0P_0: 0.49449087218685
event_CALL_FRXUSDJPY_100_1352345145_1352345745_S0P_0: 0.508909409549713
event_CALL_FRXUSDJPY_100_1352345145_1352346045_S0P_0: 0.509371838927796
event_CALL_FRXUSDJPY_100_1352345145_1352348745_797840_0: 0.682419880541059
event_CALL_FRXUSDJPY_100_1352345145_1352348745_798010_0: 0.593034684349478
event_CALL_FRXUSDJPY_100_1352345145_1352348745_798170_0: 0.504707643511697
event_CALL_FRXUSDJPY_100_1352345145_1352348745_798330_0: 0.420913882055723
event_CALL_FRXUSDJPY_100_1352345145_1352348745_798500_0: 0.335516629215917
event_PUT_FRXUSDJPY_100_1352345145_1352345265_S0P_0: 0.500932472569154
event_PUT_FRXUSDJPY_100_1352345145_1352345445_S0P_0: 0.50689775421042
event_PUT_FRXUSDJPY_100_1352345145_1352345745_S0P_0: 0.491990299445416
event_PUT_FRXUSDJPY_100_1352345145_1352346045_S0P_0: 0.491889952675058
event_PUT_FRXUSDJPY_100_1352345145_1352348745_797840_0: 0.32825493674842
event_PUT_FRXUSDJPY_100_1352345145_1352348745_798010_0: 0.412999815604391
event_PUT_FRXUSDJPY_100_1352345145_1352348745_798170_0: 0.49658294188388
event_PUT_FRXUSDJPY_100_1352345145_1352348745_798330_0: 0.58456882663924
event_PUT_FRXUSDJPY_100_1352345145_1352348745_798500_0: 0.674756247779454
