---
CALL_FRXUSDJPY_100_1352345145_1352345265_S0P_0: 0.52002271485667
CALL_FRXUSDJPY_100_1352345145_1352345445_S0P_0: 0.51617948854326
CALL_FRXUSDJPY_100_1352345145_1352345745_S0P_0: 0.525424761599685
CALL_FRXUSDJPY_100_1352345145_1352346045_S0P_0: 0.525749928588409
CALL_FRXUSDJPY_100_1352345145_1352348745_797840_0: 0.681719867890946
CALL_FRXUSDJPY_100_1352345145_1352348745_798010_0: 0.601728846241535
CALL_FRXUSDJPY_100_1352345145_1352348745_798170_0: 0.523302645047302
CALL_FRXUSDJPY_100_1352345145_1352348745_798330_0: 0.444777373301176
CALL_FRXUSDJPY_100_1352345145_1352348745_798500_0: 0.364478910439294
NOTOUCH_FRXUSDJPY_100_1352345145_1352348745_797840_0: 0.422930255340699
NOTOUCH_FRXUSDJPY_100_1352345145_1352348745_798010_0: 0.233780892411772
NOTOUCH_FRXUSDJPY_100_1352345145_1352348745_798170_0: 0.05
NOTOUCH_FRXUSDJPY_100_1352345145_1352348745_798330_0: 0.224027320542534
NOTOUCH_FRXUSDJPY_100_1352345145_1352348745_798500_0: 0.413964744273138
ONETOUCH_FRXUSDJPY_100_1352345145_1352348745_797840_0: 0.779363328777672
ONETOUCH_FRXUSDJPY_100_1352345145_1352348745_798010_0: 0.91001994549512
ONETOUCH_FRXUSDJPY_100_1352345145_1352348745_798170_0: 1
ONETOUCH_FRXUSDJPY_100_1352345145_1352348745_798330_0: 0.92002214091302
ONETOUCH_FRXUSDJPY_100_1352345145_1352348745_798500_0: 0.788599146650959
PUT_FRXUSDJPY_100_1352345145_1352345265_S0P_0: 0.52003978514333
PUT_FRXUSDJPY_100_1352345145_1352345445_S0P_0: 0.523976761456739
PUT_FRXUSDJPY_100_1352345145_1352345745_S0P_0: 0.514887738400315
PUT_FRXUSDJPY_100_1352345145_1352346045_S0P_0: 0.514718821411591
PUT_FRXUSDJPY_100_1352345145_1352348745_797840_0: 0.360155132109054
PUT_FRXUSDJPY_100_1352345145_1352348745_798010_0: 0.440146153758465
PUT_FRXUSDJPY_100_1352345145_1352348745_798170_0: 0.518572354952698
PUT_FRXUSDJPY_100_1352345145_1352348745_798330_0: 0.597097626698824
PUT_FRXUSDJPY_100_1352345145_1352348745_798500_0: 0.677396089560706
event_CALL_FRXUSDJPY_100_1352345145_1352345265_S0P_0: 0.520974743534112
event_CALL_FRXUSDJPY_100_1352345145_1352345445_S0P_0: 0.516873801741896
event_CALL_FRXUSDJPY_100_1352345145_1352345745_S0P_0: 0.525880610668655
event_CALL_FRXUSDJPY_100_1352345145_1352346045_S0P_0: 0.526610727068819
event_CALL_FRXUSDJPY_100_1352345145_1352348745_797840_0: 0.706481400966549
event_CALL_FRXUSDJPY_100_1352345145_1352348745_798010_0: 0.614871925551867
event_CALL_FRXUSDJPY_100_1352345145_1352348745_798170_0: 0.523815243517169
event_CALL_FRXUSDJPY_100_1352345145_1352348745_798330_0: 0.437717178502186
event_CALL_FRXUSDJPY_100_1352345145_1352348745_798500_0: 0.350429799545558
event_NOTOUCH_FRXUSDJPY_100_1352345145_1352348745_797840_0: 0.478277288365724
event_NOTOUCH_FRXUSDJPY_100_1352345145_1352348745_798010_0: 0.263121573305729
event_NOTOUCH_FRXUSDJPY_100_1352345145_1352348745_798170_0: 0.05
event_NOTOUCH_FRXUSDJPY_100_1352345145_1352348745_798330_0: 0.251575761813562
event_NOTOUCH_FRXUSDJPY_100_1352345145_1352348745_798500_0: 0.467975895216057
event_ONETOUCH_FRXUSDJPY_100_1352345145_1352348745_797840_0: 0.756235436283847
event_ONETOUCH_FRXUSDJPY_100_1352345145_1352348745_798010_0: 0.897858372793373
event_ONETOUCH_FRXUSDJPY_100_1352345145_1352348745_798170_0: 1
event_ONETOUCH_FRXUSDJPY_100_1352345145_1352348745_798330_0: 0.908887087019165
event_ONETOUCH_FRXUSDJPY_100_1352345145_1352348745_798500_0: 0.76625384101137
event_PUT_FRXUSDJPY_100_1352345145_1352345265_S0P_0: 0.520991813820772
event_PUT_FRXUSDJPY_100_1352345145_1352345445_S0P_0: 0.524671074655375
event_PUT_FRXUSDJPY_100_1352345145_1352345745_S0P_0: 0.515331598326474
event_PUT_FRXUSDJPY_100_1352345145_1352346045_S0P_0: 0.514937221231748
event_PUT_FRXUSDJPY_100_1352345145_1352348745_797840_0: 0.345676955457098
event_PUT_FRXUSDJPY_100_1352345145_1352348745_798010_0: 0.432531841695314
event_PUT_FRXUSDJPY_100_1352345145_1352348745_798170_0: 0.518357321346749
event_PUT_FRXUSDJPY_100_1352345145_1352348745_798330_0: 0.609293958734004
event_PUT_FRXUSDJPY_100_1352345145_1352348745_798500_0: 0.701442296549984
