---
CALL_AEX_1454284800_1454288400_100.00: 0.504997340573346
CALL_AEX_1454284800_1454292000_100.00: 0.497424319961564
CALL_AEX_1454284800_1454295600_100.00: 0.49684460512113
CALL_AEX_1454284800_1454299200_100.00: 0.496355643866459
CALL_AEX_1454284800_1454302800_100.00: 0.495924679670136
PUT_AEX_1454284800_1454288400_100.00: 0.495002659426654
PUT_AEX_1454284800_1454292000_100.00: 0.50256948790454
PUT_AEX_1454284800_1454295600_100.00: 0.503146107232155
PUT_AEX_1454284800_1454299200_100.00: 0.503631973343423
PUT_AEX_1454284800_1454302800_100.00: 0.504059842765754
