---
CALL_FRXUSDJPY_100_1352345145_1352348745_798500_0: 0.345443142055145
CALL_FRXUSDJPY_100_1352345145_1352348745_798330_0: 0.425772735497575
CALL_FRXUSDJPY_100_1352345145_1352348745_798170_0: 0.504229283716659
CALL_FRXUSDJPY_100_1352345145_1352348745_798010_0: 0.582498260800557
CALL_FRXUSDJPY_100_1352345145_1352348745_797840_0: 0.66224673115712
PUT_FRXUSDJPY_100_1352345145_1352348745_798500_0: 0.655494480622025
PUT_FRXUSDJPY_100_1352345145_1352348745_798330_0: 0.575239575037974
PUT_FRXUSDJPY_100_1352345145_1352348745_798170_0: 0.496806027707197
PUT_FRXUSDJPY_100_1352345145_1352348745_798010_0: 0.418510756553265
PUT_FRXUSDJPY_100_1352345145_1352348745_797840_0: 0.338684550948787
CALL_FRXUSDJPY_100_1352345145_1352345265_S0P_0: 0.50002245762171
CALL_FRXUSDJPY_100_1352345145_1352345445_S0P_0: 0.493771537723557
CALL_FRXUSDJPY_100_1352345145_1352345745_S0P_0: 0.50845963182666
CALL_FRXUSDJPY_100_1352345145_1352346045_S0P_0: 0.508379967194116
PUT_FRXUSDJPY_100_1352345145_1352345265_S0P_0: 0.499977873282757
PUT_FRXUSDJPY_100_1352345145_1352345445_S0P_0: 0.506230368366792
PUT_FRXUSDJPY_100_1352345145_1352345745_S0P_0: 0.491540381409406
PUT_FRXUSDJPY_100_1352345145_1352346045_S0P_0: 0.491620032805884
event_CALL_FRXUSDJPY_100_1352345145_1352348745_798500_0: 0.329752555947906
event_CALL_FRXUSDJPY_100_1352345145_1352348745_798330_0: 0.418012178836307
event_CALL_FRXUSDJPY_100_1352345145_1352348745_798170_0: 0.50488004648109
event_CALL_FRXUSDJPY_100_1352345145_1352348745_798010_0: 0.597009168378837
event_CALL_FRXUSDJPY_100_1352345145_1352348745_797840_0: 0.689737244288141
event_PUT_FRXUSDJPY_100_1352345145_1352348745_798500_0: 0.681804307753912
event_PUT_FRXUSDJPY_100_1352345145_1352348745_798330_0: 0.588160325921132
event_PUT_FRXUSDJPY_100_1352345145_1352348745_798170_0: 0.496449350818761
event_PUT_FRXUSDJPY_100_1352345145_1352348745_798010_0: 0.409816769445829
event_PUT_FRXUSDJPY_100_1352345145_1352348745_797840_0: 0.322281466291042
event_CALL_FRXUSDJPY_100_1352345145_1352345265_S0P_0: 0.500974486299152
event_CALL_FRXUSDJPY_100_1352345145_1352345445_S0P_0: 0.494465850922192
event_CALL_FRXUSDJPY_100_1352345145_1352345745_S0P_0: 0.508916293014189
event_CALL_FRXUSDJPY_100_1352345145_1352346045_S0P_0: 0.509612244308393
event_PUT_FRXUSDJPY_100_1352345145_1352345265_S0P_0: 0.5009299019602
event_PUT_FRXUSDJPY_100_1352345145_1352345445_S0P_0: 0.506924681565427
event_PUT_FRXUSDJPY_100_1352345145_1352345745_S0P_0: 0.491983429217006
event_PUT_FRXUSDJPY_100_1352345145_1352346045_S0P_0: 0.491786312929854
