---
CALL_FRXUSDJPY_100_1352345145_1352345265_S0P_0: 0.500019556108288
CALL_FRXUSDJPY_100_1352345145_1352345445_S0P_0: 0.493796558988215
CALL_FRXUSDJPY_100_1352345145_1352345745_S0P_0: 0.508454021445492
CALL_FRXUSDJPY_100_1352345145_1352346045_S0P_0: 0.508313248377617
CALL_FRXUSDJPY_100_1352345145_1352348745_797840_0: 0.658677169704829
CALL_FRXUSDJPY_100_1352345145_1352348745_798010_0: 0.580594931096647
CALL_FRXUSDJPY_100_1352345145_1352348745_798170_0: 0.504124056394437
CALL_FRXUSDJPY_100_1352345145_1352348745_798330_0: 0.427709655903497
CALL_FRXUSDJPY_100_1352345145_1352348745_798500_0: 0.349323569029294
PUT_FRXUSDJPY_100_1352345145_1352345265_S0P_0: 0.499980443891711
PUT_FRXUSDJPY_100_1352345145_1352345445_S0P_0: 0.506203441011785
PUT_FRXUSDJPY_100_1352345145_1352345745_S0P_0: 0.491545978554508
PUT_FRXUSDJPY_100_1352345145_1352346045_S0P_0: 0.491686751622383
PUT_FRXUSDJPY_100_1352345145_1352348745_797840_0: 0.342704780040973
PUT_FRXUSDJPY_100_1352345145_1352348745_798010_0: 0.420622772110449
PUT_FRXUSDJPY_100_1352345145_1352348745_798170_0: 0.496887823940754
PUT_FRXUSDJPY_100_1352345145_1352348745_798330_0: 0.573511786798009
PUT_FRXUSDJPY_100_1352345145_1352348745_798500_0: 0.652065286460688
event_CALL_FRXUSDJPY_100_1352345145_1352345265_S0P_0: 0.500971584785731
event_CALL_FRXUSDJPY_100_1352345145_1352345445_S0P_0: 0.49449087218685
event_CALL_FRXUSDJPY_100_1352345145_1352345745_S0P_0: 0.508909409549713
event_CALL_FRXUSDJPY_100_1352345145_1352346045_S0P_0: 0.509371838927796
event_CALL_FRXUSDJPY_100_1352345145_1352348745_797840_0: 0.682419880541059
event_CALL_FRXUSDJPY_100_1352345145_1352348745_798010_0: 0.593034684349478
event_CALL_FRXUSDJPY_100_1352345145_1352348745_798170_0: 0.504707643511697
event_CALL_FRXUSDJPY_100_1352345145_1352348745_798330_0: 0.420913882055723
event_CALL_FRXUSDJPY_100_1352345145_1352348745_798500_0: 0.335516629215917
event_PUT_FRXUSDJPY_100_1352345145_1352345265_S0P_0: 0.500932472569154
event_PUT_FRXUSDJPY_100_1352345145_1352345445_S0P_0: 0.50689775421042
event_PUT_FRXUSDJPY_100_1352345145_1352345745_S0P_0: 0.491990299445416
event_PUT_FRXUSDJPY_100_1352345145_1352346045_S0P_0: 0.491889952675058
event_PUT_FRXUSDJPY_100_1352345145_1352348745_797840_0: 0.32825493674842
event_PUT_FRXUSDJPY_100_1352345145_1352348745_798010_0: 0.412999815604391
event_PUT_FRXUSDJPY_100_1352345145_1352348745_798170_0: 0.49658294188388
event_PUT_FRXUSDJPY_100_1352345145_1352348745_798330_0: 0.58456882663924
event_PUT_FRXUSDJPY_100_1352345145_1352348745_798500_0: 0.674756247779454
