---
LBFLOATCALL_R_100_1_1454284800_1454889600: 10.613112986186
LBFLOATCALL_R_100_1_1454284800_1455494400: 14.7382362859409
LBFLOATPUT_R_100_1_1454284800_1454889600: 11.5730590599585
LBFLOATPUT_R_100_1_1454284800_1455494400: 16.6590602546237
LBHIGHLOW_R_100_1_1454284800_1454889600: 22.1978001157015
LBHIGHLOW_R_100_1_1454284800_1455494400: 31.4077143312512
