---
LBFLOATCALL_R_100_1454284800_1454889600_100.96: 10.5734271670527
LBFLOATCALL_R_100_1454284800_1454889600_102.74: 10.5734271670527
LBFLOATCALL_R_100_1454284800_1454889600_104.57: 10.5734271670527
LBFLOATCALL_R_100_1454284800_1454889600_97.48: 10.5734271670527
LBFLOATCALL_R_100_1454284800_1454889600_99.22: 10.5734271670527
LBFLOATCALL_R_100_1454284800_1455494400_101.94: 14.6774271034996
LBFLOATCALL_R_100_1454284800_1455494400_104.48: 14.6774271034996
LBFLOATCALL_R_100_1454284800_1455494400_107.12: 14.6774271034996
LBFLOATCALL_R_100_1454284800_1455494400_97.00: 14.6774271034996
LBFLOATCALL_R_100_1454284800_1455494400_99.46: 14.6774271034996
LBFLOATPUT_R_100_1454284800_1454889600_100.96: 11.5318373833371
LBFLOATPUT_R_100_1454284800_1454889600_102.74: 11.5318373833371
LBFLOATPUT_R_100_1454284800_1454889600_104.57: 11.5318373833371
LBFLOATPUT_R_100_1454284800_1454889600_97.48: 11.5318373833371
LBFLOATPUT_R_100_1454284800_1454889600_99.22: 11.5318373833371
LBFLOATPUT_R_100_1454284800_1455494400_101.94: 16.5932794490748
LBFLOATPUT_R_100_1454284800_1455494400_104.48: 16.5932794490748
LBFLOATPUT_R_100_1454284800_1455494400_107.12: 16.5932794490748
LBFLOATPUT_R_100_1454284800_1455494400_97.00: 16.5932794490748
LBFLOATPUT_R_100_1454284800_1455494400_99.46: 16.5932794490748
LBHIGHLOW_R_100_1454284800_1454889600_100.96: 22.1052645503898
LBHIGHLOW_R_100_1454284800_1454889600_102.74: 22.1052645503898
LBHIGHLOW_R_100_1454284800_1454889600_104.57: 22.1052645503898
LBHIGHLOW_R_100_1454284800_1454889600_97.48: 22.1052645503898
LBHIGHLOW_R_100_1454284800_1454889600_99.22: 22.1052645503898
LBHIGHLOW_R_100_1454284800_1455494400_101.94: 31.2707065525744
LBHIGHLOW_R_100_1454284800_1455494400_104.48: 31.2707065525744
LBHIGHLOW_R_100_1454284800_1455494400_107.12: 31.2707065525744
LBHIGHLOW_R_100_1454284800_1455494400_97.00: 31.2707065525744
LBHIGHLOW_R_100_1454284800_1455494400_99.46: 31.2707065525744
