---
LBFIXEDCALL_frxUSDJPY_1454284800_1454889600_100.543: 1.24037177420744
LBFIXEDPUT_frxUSDJPY_1454284800_1454889600_100.543: 2.20136240106725
LBFLOATCALL_frxUSDJPY_1454284800_1454889600_100.543: 1.70629025877439
LBFLOATPUT_frxUSDJPY_1454284800_1454889600_100.543: 1.68117459590099
LBHIGHLOW_frxUSDJPY_1454284800_1454889600_100.543: 3.38746485467538
LBFIXEDCALL_frxUSDJPY_1454284800_1454889600_100.257: 1.49280307179424
LBFIXEDPUT_frxUSDJPY_1454284800_1454889600_100.257: 1.92398032525135
LBFLOATCALL_frxUSDJPY_1454284800_1454889600_100.257: 1.71476089563703
LBFLOATPUT_frxUSDJPY_1454284800_1454889600_100.257: 1.68987426649722
LBHIGHLOW_frxUSDJPY_1454284800_1454889600_100.257: 3.40463516213425
LBFIXEDCALL_frxUSDJPY_1454284800_1454889600_99.976: 1.80093476458372
LBFIXEDPUT_frxUSDJPY_1454284800_1454889600_99.976: 1.68160411088979
LBFLOATCALL_frxUSDJPY_1454284800_1454889600_99.976: 1.75313329814709
LBFLOATPUT_frxUSDJPY_1454284800_1454889600_99.976: 1.72929890656631
LBHIGHLOW_frxUSDJPY_1454284800_1454889600_99.976: 3.4824322047134
LBFIXEDCALL_frxUSDJPY_1454284800_1454889600_99.693: 2.1542979636771
LBFIXEDPUT_frxUSDJPY_1454284800_1454889600_99.693: 1.48394645193902
LBFLOATCALL_frxUSDJPY_1454284800_1454889600_99.693: 1.82170193134762
LBFLOATPUT_frxUSDJPY_1454284800_1454889600_99.693: 1.79980784800924
LBHIGHLOW_frxUSDJPY_1454284800_1454889600_99.693: 3.62150977935686
LBFIXEDCALL_frxUSDJPY_1454284800_1454889600_99.405: 2.54333062256645
LBFIXEDPUT_frxUSDJPY_1454284800_1454889600_99.405: 1.33689410290847
LBFLOATCALL_frxUSDJPY_1454284800_1454889600_99.405: 1.91996779886775
LBFLOATPUT_frxUSDJPY_1454284800_1454889600_99.405: 1.9009888242013
LBHIGHLOW_frxUSDJPY_1454284800_1454889600_99.405: 3.82095662306906
LBFIXEDCALL_frxUSDJPY_1454284800_1455494400_100.732: 1.7875096858627
LBFIXEDPUT_frxUSDJPY_1454284800_1455494400_100.732: 3.0478326650369
LBFLOATCALL_frxUSDJPY_1454284800_1455494400_100.732: 2.40432992098752
LBFLOATPUT_frxUSDJPY_1454284800_1455494400_100.732: 2.36117989216408
LBHIGHLOW_frxUSDJPY_1454284800_1455494400_100.732: 4.7655098131516
LBFIXEDCALL_frxUSDJPY_1454284800_1455494400_100.340: 2.09944428761575
LBFIXEDPUT_frxUSDJPY_1454284800_1455494400_100.340: 2.63204163040141
LBFLOATCALL_frxUSDJPY_1454284800_1455494400_100.340: 2.38013921474951
LBFLOATPUT_frxUSDJPY_1454284800_1455494400_100.340: 2.3360709608722
LBHIGHLOW_frxUSDJPY_1454284800_1455494400_100.340: 4.71621017562171
LBFIXEDCALL_frxUSDJPY_1454284800_1455494400_99.954: 2.4748826662648
LBFIXEDPUT_frxUSDJPY_1454284800_1455494400_99.954: 2.25164676408339
LBFLOATCALL_frxUSDJPY_1454284800_1455494400_99.954: 2.38506086333112
LBFLOATPUT_frxUSDJPY_1454284800_1455494400_99.954: 2.34117863609672
LBHIGHLOW_frxUSDJPY_1454284800_1455494400_99.954: 4.72623949942783
LBFIXEDCALL_frxUSDJPY_1454284800_1455494400_99.567: 2.89666190512402
LBFIXEDPUT_frxUSDJPY_1454284800_1455494400_99.567: 1.92389231595248
LBFLOATCALL_frxUSDJPY_1454284800_1455494400_99.567: 2.4189430810293
LBFLOATPUT_frxUSDJPY_1454284800_1455494400_99.567: 2.37635244870641
LBHIGHLOW_frxUSDJPY_1454284800_1455494400_99.567: 4.7952955297357
LBFIXEDCALL_frxUSDJPY_1454284800_1455494400_99.170: 3.35874787075041
LBFIXEDPUT_frxUSDJPY_1454284800_1455494400_99.170: 1.65498026258112
LBFLOATCALL_frxUSDJPY_1454284800_1455494400_99.170: 2.48198001946599
LBFLOATPUT_frxUSDJPY_1454284800_1455494400_99.170: 2.44184318378738
LBHIGHLOW_frxUSDJPY_1454284800_1455494400_99.170: 4.92382320325337
