---
LBFIXEDCALL_R_100_1454284800_1454889600_104.57: 0.0759484348699777
LBFIXEDPUT_R_100_1454284800_1454889600_104.57: 0.151410743953616
LBFLOATCALL_R_100_1454284800_1454889600_104.57: 0.10573427902561
LBFLOATPUT_R_100_1454284800_1454889600_104.57: 0.115318381855143
LBHIGHLOW_R_100_1454284800_1454889600_104.57: 0.221052660880753
LBFIXEDCALL_R_100_1454284800_1454889600_102.74: 0.0902380601376577
LBFIXEDPUT_R_100_1454284800_1454889600_102.74: 0.133120168282226
LBFLOATCALL_R_100_1454284800_1454889600_102.74: 0.10573427902561
LBFLOATPUT_R_100_1454284800_1454889600_102.74: 0.115318381855143
LBHIGHLOW_R_100_1454284800_1454889600_102.74: 0.221052660880753
LBFIXEDCALL_R_100_1454284800_1454889600_100.96: 0.106010403279641
LBFIXEDPUT_R_100_1454284800_1454889600_100.96: 0.115329335115519
LBFLOATCALL_R_100_1454284800_1454889600_100.96: 0.10573427902561
LBFLOATPUT_R_100_1454284800_1454889600_100.96: 0.115318381855143
LBHIGHLOW_R_100_1454284800_1454889600_100.96: 0.221052660880753
LBFIXEDCALL_R_100_1454284800_1454889600_99.22: 0.123114364928194
LBFIXEDPUT_R_100_1454284800_1454889600_99.22: 0.0980994810852171
LBFLOATCALL_R_100_1454284800_1454889600_99.22: 0.10573427902561
LBFLOATPUT_R_100_1454284800_1454889600_99.22: 0.115318381855143
LBHIGHLOW_R_100_1454284800_1454889600_99.22: 0.221052660880753
LBFIXEDCALL_R_100_1454284800_1454889600_97.48: 0.140505404091155
LBFIXEDPUT_R_100_1454284800_1454889600_97.48: 0.0822448610092314
LBFLOATCALL_R_100_1454284800_1454889600_97.48: 0.10573427902561
LBFLOATPUT_R_100_1454284800_1454889600_97.48: 0.115318381855143
LBHIGHLOW_R_100_1454284800_1454889600_97.48: 0.221052660880753
LBFIXEDCALL_R_100_1454284800_1455494400_107.12: 0.105812687619338
LBFIXEDPUT_R_100_1454284800_1455494400_107.12: 0.217901718461103
LBFLOATCALL_R_100_1454284800_1455494400_107.12: 0.146774311874622
LBFLOATPUT_R_100_1454284800_1455494400_107.12: 0.165932840661192
LBHIGHLOW_R_100_1454284800_1455494400_107.12: 0.312707152535814
LBFIXEDCALL_R_100_1454284800_1455494400_104.48: 0.12563400679938
LBFIXEDPUT_R_100_1454284800_1455494400_104.48: 0.191528635120048
LBFLOATCALL_R_100_1454284800_1455494400_104.48: 0.146774311874622
LBFLOATPUT_R_100_1454284800_1455494400_104.48: 0.165932840661192
LBHIGHLOW_R_100_1454284800_1455494400_104.48: 0.312707152535814
LBFIXEDCALL_R_100_1454284800_1455494400_101.94: 14.740453760185
LBFIXEDPUT_R_100_1454284800_1455494400_101.94: 0.166154532208579
LBFLOATCALL_R_100_1454284800_1455494400_101.94: 0.146774311874622
LBFLOATPUT_R_100_1454284800_1455494400_101.94: 0.165932840661192
LBHIGHLOW_R_100_1454284800_1455494400_101.94: 0.312707152535814
LBFIXEDCALL_R_100_1454284800_1455494400_99.46: 0.171327334980953
LBFIXEDPUT_R_100_1454284800_1455494400_99.46: 0.141432343235038
LBFLOATCALL_R_100_1454284800_1455494400_99.46: 0.146774311874622
LBFLOATPUT_R_100_1454284800_1455494400_99.46: 0.165932840661192
LBHIGHLOW_R_100_1454284800_1455494400_99.46: 0.312707152535814
LBFIXEDCALL_R_100_1454284800_1455494400_97.00: 0.195902253548753
LBFIXEDPUT_R_100_1454284800_1455494400_97.00: 0.118449660414364
LBFLOATCALL_R_100_1454284800_1455494400_97.00: 0.146774311874622
LBFLOATPUT_R_100_1454284800_1455494400_97.00: 0.165932840661192
LBHIGHLOW_R_100_1454284800_1455494400_97.00: 0.312707152535814
