---
LBFLOATCALL_R_100_1454284800_1454889600_100.00: 0.105734271670527
LBFLOATCALL_R_100_1454284800_1454889600_100.96: 0.10573427902561
LBFLOATCALL_R_100_1454284800_1454889600_102.74: 0.10573427902561
LBFLOATCALL_R_100_1454284800_1454889600_104.57: 0.10573427902561
LBFLOATCALL_R_100_1454284800_1454889600_97.48: 0.10573427902561
LBFLOATCALL_R_100_1454284800_1454889600_99.22: 0.10573427902561
LBFLOATCALL_R_100_1454284800_1455494400_100.00: 0.146774271034996
LBFLOATCALL_R_100_1454284800_1455494400_101.94: 0.146774311874622
LBFLOATCALL_R_100_1454284800_1455494400_104.48: 0.146774311874622
LBFLOATCALL_R_100_1454284800_1455494400_107.12: 0.146774311874622
LBFLOATCALL_R_100_1454284800_1455494400_97.00: 0.146774311874622
LBFLOATCALL_R_100_1454284800_1455494400_99.46: 0.146774311874622
LBFLOATPUT_R_100_1454284800_1454889600_100.00: 0.115318373833371
LBFLOATPUT_R_100_1454284800_1454889600_100.96: 0.115318381855143
LBFLOATPUT_R_100_1454284800_1454889600_102.74: 0.115318381855143
LBFLOATPUT_R_100_1454284800_1454889600_104.57: 0.115318381855143
LBFLOATPUT_R_100_1454284800_1454889600_97.48: 0.115318381855143
LBFLOATPUT_R_100_1454284800_1454889600_99.22: 0.115318381855143
LBFLOATPUT_R_100_1454284800_1455494400_100.00: 0.165932794490748
LBFLOATPUT_R_100_1454284800_1455494400_101.94: 0.165932840661192
LBFLOATPUT_R_100_1454284800_1455494400_104.48: 0.165932840661192
LBFLOATPUT_R_100_1454284800_1455494400_107.12: 0.165932840661192
LBFLOATPUT_R_100_1454284800_1455494400_97.00: 0.165932840661192
LBFLOATPUT_R_100_1454284800_1455494400_99.46: 0.165932840661192
LBHIGHLOW_R_100_1454284800_1454889600_100.01_99.99: 0.221052645503898
LBHIGHLOW_R_100_1454284800_1454889600_100.96: 0.221052660880753
LBHIGHLOW_R_100_1454284800_1454889600_102.74: 0.221052660880753
LBHIGHLOW_R_100_1454284800_1454889600_104.57: 0.221052660880753
LBHIGHLOW_R_100_1454284800_1454889600_97.48: 0.221052660880753
LBHIGHLOW_R_100_1454284800_1454889600_99.22: 0.221052660880753
LBHIGHLOW_R_100_1454284800_1455494400_100.01_99.99: 0.312707065525744
LBHIGHLOW_R_100_1454284800_1455494400_101.94: 0.312707152535814
LBHIGHLOW_R_100_1454284800_1455494400_104.48: 0.312707152535814
LBHIGHLOW_R_100_1454284800_1455494400_107.12: 0.312707152535814
LBHIGHLOW_R_100_1454284800_1455494400_97.00: 0.312707152535814
LBHIGHLOW_R_100_1454284800_1455494400_99.46: 0.312707152535814
