---
LBFIXEDCALL_R_100_1454284800_1454889600_104.57: 7.59484348699777
LBFIXEDPUT_R_100_1454284800_1454889600_104.57: 15.1410743953616
LBFLOATCALL_R_100_1454284800_1454889600_104.57: 10.573427902561
LBFLOATPUT_R_100_1454284800_1454889600_104.57: 11.5318381855143
LBHIGHLOW_R_100_1454284800_1454889600_104.57: 22.1052660880753
LBFIXEDCALL_R_100_1454284800_1454889600_102.74: 9.02380601376577
LBFIXEDPUT_R_100_1454284800_1454889600_102.74: 13.3120168282226
LBFLOATCALL_R_100_1454284800_1454889600_102.74: 10.573427902561
LBFLOATPUT_R_100_1454284800_1454889600_102.74: 11.5318381855143
LBHIGHLOW_R_100_1454284800_1454889600_102.74: 22.1052660880753
LBFIXEDCALL_R_100_1454284800_1454889600_100.96: 10.6010403279641
LBFIXEDPUT_R_100_1454284800_1454889600_100.96: 11.5329335115519
LBFLOATCALL_R_100_1454284800_1454889600_100.96: 10.573427902561
LBFLOATPUT_R_100_1454284800_1454889600_100.96: 11.5318381855143
LBHIGHLOW_R_100_1454284800_1454889600_100.96: 22.1052660880753
LBFIXEDCALL_R_100_1454284800_1454889600_99.22: 12.3114364928194
LBFIXEDPUT_R_100_1454284800_1454889600_99.22: 9.80994810852171
LBFLOATCALL_R_100_1454284800_1454889600_99.22: 10.573427902561
LBFLOATPUT_R_100_1454284800_1454889600_99.22: 11.5318381855143
LBHIGHLOW_R_100_1454284800_1454889600_99.22: 22.1052660880753
LBFIXEDCALL_R_100_1454284800_1454889600_97.48: 14.0505404091155
LBFIXEDPUT_R_100_1454284800_1454889600_97.48: 8.22448610092314
LBFLOATCALL_R_100_1454284800_1454889600_97.48: 10.573427902561
LBFLOATPUT_R_100_1454284800_1454889600_97.48: 11.5318381855143
LBHIGHLOW_R_100_1454284800_1454889600_97.48: 22.1052660880753
LBFIXEDCALL_R_100_1454284800_1455494400_107.12: 10.5812687619338
LBFIXEDPUT_R_100_1454284800_1455494400_107.12: 21.7901718461103
LBFLOATCALL_R_100_1454284800_1455494400_107.12: 14.6774311874622
LBFLOATPUT_R_100_1454284800_1455494400_107.12: 16.5932840661192
LBHIGHLOW_R_100_1454284800_1455494400_107.12: 31.2707152535814
LBFIXEDCALL_R_100_1454284800_1455494400_104.48: 12.563400679938
LBFIXEDPUT_R_100_1454284800_1455494400_104.48: 19.1528635120048
LBFLOATCALL_R_100_1454284800_1455494400_104.48: 14.6774311874622
LBFLOATPUT_R_100_1454284800_1455494400_104.48: 16.5932840661192
LBHIGHLOW_R_100_1454284800_1455494400_104.48: 31.2707152535814
LBFIXEDCALL_R_100_1454284800_1455494400_101.94: 14.740453760185
LBFIXEDPUT_R_100_1454284800_1455494400_101.94: 16.6154532208579
LBFLOATCALL_R_100_1454284800_1455494400_101.94: 14.6774311874622
LBFLOATPUT_R_100_1454284800_1455494400_101.94: 16.5932840661192
LBHIGHLOW_R_100_1454284800_1455494400_101.94: 31.2707152535814
LBFIXEDCALL_R_100_1454284800_1455494400_99.46: 17.1327334980953
LBFIXEDPUT_R_100_1454284800_1455494400_99.46: 14.1432343235038
LBFLOATCALL_R_100_1454284800_1455494400_99.46: 14.6774311874622
LBFLOATPUT_R_100_1454284800_1455494400_99.46: 16.5932840661192
LBHIGHLOW_R_100_1454284800_1455494400_99.46: 31.2707152535814
LBFIXEDCALL_R_100_1454284800_1455494400_97.00: 19.5902253548753
LBFIXEDPUT_R_100_1454284800_1455494400_97.00: 11.8449660414364
LBFLOATCALL_R_100_1454284800_1455494400_97.00: 14.6774311874622
LBFLOATPUT_R_100_1454284800_1455494400_97.00: 16.5932840661192
LBHIGHLOW_R_100_1454284800_1455494400_97.00: 31.2707152535814
