---
LBFLOATCALL_R_100_1_1454284800_1454889600: 10.5734271670527
LBFLOATCALL_R_100_1_1454284800_1455494400: 14.6774271034996
LBFLOATPUT_R_100_1_1454284800_1454889600: 11.5318373833371
LBFLOATPUT_R_100_1_1454284800_1455494400: 16.5932794490748
LBHIGHLOW_R_100_1_1454284800_1454889600: 22.1052645503898
LBHIGHLOW_R_100_1_1454284800_1455494400: 31.2707065525744
RESETCALL_R_100_1454284800_1454889600_0.01: 667.24
RESETCALL_R_100_1454284800_1455494400_0.01: 684.95
RESETPUT_R_100_1454284800_1454889600_0.01: 669.81
RESETPUT_R_100_1454284800_1455494400_0.01: 688.57
