---
LBFLOATCALL_R_100_1_1454284800_1454889600: 10.5734271670527
LBFLOATCALL_R_100_1_1454284800_1455494400: 14.6774271034996
LBFLOATPUT_R_100_1_1454284800_1454889600: 11.5318373833371
LBFLOATPUT_R_100_1_1454284800_1455494400: 16.5932794490748
LBHIGHLOW_R_100_1_1454284800_1454889600: 22.1052645503898
LBHIGHLOW_R_100_1_1454284800_1455494400: 31.2707065525744
NOTOUCH_R_100_10_1454284800_10T_S50P_0: 5.83
NOTOUCH_R_100_10_1454284800_5T_S50P_0: 7.49
NOTOUCH_R_100_10_1454284800_6T_S50P_0: 7.06
NOTOUCH_R_100_10_1454284800_7T_S50P_0: 6.68
NOTOUCH_R_100_10_1454284800_8T_S50P_0: 6.36
NOTOUCH_R_100_10_1454284800_9T_S50P_0: 6.08
ONETOUCH_R_100_10_1454284800_10T_S50P_0: 4.17
ONETOUCH_R_100_10_1454284800_5T_S50P_0: 2.51
ONETOUCH_R_100_10_1454284800_6T_S50P_0: 2.94
ONETOUCH_R_100_10_1454284800_7T_S50P_0: 3.32
ONETOUCH_R_100_10_1454284800_8T_S50P_0: 3.64
ONETOUCH_R_100_10_1454284800_9T_S50P_0: 3.92
