
AUD Basket : 1.500
EUR Basket : 1.500
GBP Basket : 1.500
USD Basket: 1.500
Gold Basket : 300.000
BRN : 0.200
WTI : 0.200
ADA/USD : 0.00500
ALG/USD : 0.0050
NZD/JPY : 0.200 
XAU/EUR : 1.00 
EOS/USD : 0.00500 
USD/MXN : 0.02000 
USD/PLN : 0.01000 
LNK/USD : 0.500 
DOT/USD : 0.050 
XPT/USD : 4.00 
GBP/NZD : 0.00200 
XZN/USD : 10.00 
EUR/USDm : 0.00100 
EUR/AUD : 0.00100 
USD/SEK : 0.05000 
XMR/USD : 1.000 
USD/JPY : 0.100 
NZD/USDm : 0.00100 
AUD/NZD : 0.00200 
GBP/USDm : 0.00100 
FIL/USD : 0.50 
ETC/USD : 0.500 
EUR/PLN : 0.01000 
NZD/CAD : 0.00200 
GBP/JPYm : 0.100 
EUR/AUDm : 0.00100 
USD/CHFm : 0.00100 
IOT/USD : 0.0500 
GBP/AUD : 0.00100 
USD/ZAR : 0.05000 
AUD/JPYm : 0.100 
CAD/JPY : 0.200 
XAG/USD : 0.070 
EUR/SEK : 0.05000 
XRP/USD : 0.0050 
XAU/USD : 1.00 
EUR/CADm : 0.00100 
ETH/USD : 1.00000 
USD/NOK : 0.05000 
EUR/CHFm : 0.00100 
OMG/USD : 0.050 
NZD/USD : 0.00200 
EUR/NOK : 0.05000 
GBP/USD : 0.00100 
BTC/USD : 20.000 
AUD/CHF : 0.00200 
USD/CADm : 0.00100 
BAT/USD : 0.00500 
USD/CNH : 0.00200 
BCH/USD : 1.000 
LTC/USD : 1.00000 
TRX/USD : 0.00500 
BTC/LTC : 1.00000 
GBP/SEK : 0.05000 
MKR/USD : 1.00 
GBP/CHF : 0.00200 
AUD/USDm : 0.00100 
XLM/USD : 0.00500 
AVA/USD : 0.5 
CHF/JPY : 0.200 
EUR/NZD : 0.00200 
EUR/JPYm : 0.100 
EUR/JPY : 0.100 
EUR/CHF : 0.00100 
UNI/USD : 0.0500 
XAG/EUR : 0.070 
GBP/CAD : 0.00200 
MTC/USD : 0.05000 
DSH/USD : 0.500 
SOL/USD : 0.500 
AUD/JPY : 0.100 
AUD/USD : 0.00100 
USD/CHF : 0.00100 
NEO/USD : 0.50 
AUD/NZDm : 0.00100 
USD/JPYm : 0.100 
BNB/USD : 1.000 
GBP/CHFm : 0.00100 
GBP/NOK : 0.05000 
AUD/CHFm : 0.00100 
EUR/CAD : 0.00100 
EUR/GBP : 0.00100 
EUR/USD : 0.00100 
EUR/GBPm : 0.00100 
XTZ/USD : 0.05000 
CAD/CHF : 0.00200 
GBP/JPY : 0.100 
AUD/CADm : 0.00100 
DOG/USD : 0.00500 
EUR/NZDm : 0.00100 
USD/CAD : 0.00100 
BTC/ETH : 0.05 
ZEC/USD : 1.000 
AUD/CAD : 0.00200 
XPD/USD : 30.00 

