---
##
## These commissions are defined for one side. You should multiply the commission with this rate at deal open and deal close operations.
##
dxtrade:
  1HZ100V: 0.0000750
  1HZ10V: 0.0000075
  1HZ25V: 0.0000175
  1HZ50V: 0.0000375
  1HZ75V: 0.0000500
  BOOM1000: 0.0000025
  BOOM500: 0.0000035
  CRASH1000: 0.0000025
  CRASH500: 0.0000035
  DEADS: 0.0001
  DEBAYER: 0.0001
  DEBMW: 0.0001
  DEDBK: 0.0001
  JD10: 0.0000050
  JD100: 0.0000500
  JD25: 0.0000125
  JD50: 0.0000250
  JD75: 0.0000375
  OTC_AEX: 0.00001
  OTC_AS51: 0.00001
  OTC_DJI: 0.00001
  OTC_FCHI: 0.00001
  OTC_FTSE: 0.00001
  OTC_GDAXI: 0.00001
  OTC_IBEX35: 0.00001
  OTC_N225: 0.00001
  OTC_NDX: 0.00001
  OTC_SPC: 0.00001
  OTC_SX5E: 0.00001
  R_10: 0.0000075
  R_100: 0.0000750
  R_25: 0.0000175
  R_50: 0.0000375
  R_75: 0.0000500
  USAABNB: 0.0001
  USAAIR: 0.0001
  USAAPL: 0.0001
  USABIIB: 0.0001
  USAIG: 0.0001
  USALIBA: 0.0001
  USAMRNA: 0.0001
  USAMZN: 0.0001
  USBAC: 0.0001
  USBNG: 0.0001
  USC: 0.0001
  USCRM: 0.0001
  USCSCO: 0.0001
  USDIS: 0.0001
  USDLT: 0.0001
  USEBY: 0.0001
  USFB: 0.0001
  USFDX: 0.0001
  USGLDSCH: 0.0001
  USGM: 0.0001
  USGOOG: 0.0001
  USHPQ: 0.0001
  USIBM: 0.0001
  USINTC: 0.0001
  USJNJ: 0.0001
  USJPM: 0.0001
  USKO: 0.0001
  USMA: 0.0001
  USMCD: 0.0001
  USMSFT: 0.0001
  USNKE: 0.0001
  USNTFLX: 0.0001
  USNVDA: 0.0001
  USPFE: 0.0001
  USPG: 0.0001
  USPYPL: 0.0001
  USTEVA: 0.0001
  USTSLMTR: 0.0001
  USTWTR: 0.0001
  USUBER: 0.0001
  USVISA: 0.00025
  USWMT: 0.00025
  USZM: 0.0002
  cryBCHUSD: 0.00025
  cryBNBUSD: 0.00025
  cryBTCETH: 0.0002
  cryBTCLTC: 0.0002
  cryBTCUSD: 0.0002
  cryDSHUSD: 0.0025
  cryEOSUSD: 0.0025
  cryETHUSD: 0.0002
  cryIOTUSD: 0.0015
  cryLTCUSD: 0.00025
  cryNEOUSD: 0.0015
  cryOMGUSD: 0.0015
  cryTRXUSD: 0.00025
  cryXLMUSD: 0.00025
  cryXMRUSD: 0.0025
  cryXRPUSD: 0.00025
  cryZECUSD: 0.0025
  frxAUDCAD: 0.00005
  frxAUDCHF: 0.00005
  frxAUDJPY: 0.00005
  frxAUDNZD: 0.00005
  frxAUDUSD: 0.00005
  frxCADCHF: 0.00005
  frxCADJPY: 0.00005
  frxCHFJPY: 0.00005
  frxEURAUD: 0.00005
  frxEURCAD: 0.00005
  frxEURCHF: 0.00005
  frxEURGBP: 0.00005
  frxEURJPY: 0.00005
  frxEURNOK: 0.00005
  frxEURNZD: 0.00005
  frxEURPLN: 0.00005
  frxEURSEK: 0.00005
  frxEURUSD: 0.00005
  frxGBPAUD: 0.00005
  frxGBPCAD: 0.00005
  frxGBPCHF: 0.00005
  frxGBPJPY: 0.00005
  frxGBPNOK: 0.00005
  frxGBPNZD: 0.00005
  frxGBPSEK: 0.00005
  frxGBPUSD: 0.00005
  frxNZDCAD: 0.00005
  frxNZDJPY: 0.00005
  frxNZDUSD: 0.00005
  frxUSDCAD: 0.00005
  frxUSDCHF: 0.00005
  frxUSDCNH: 0.00005
  frxUSDJPY: 0.00005
  frxUSDMXN: 0.00005
  frxUSDNOK: 0.00005
  frxUSDPLN: 0.00005
  frxUSDSEK: 0.00005
  frxUSDZAR: 0.00005
  frxXAGEUR: 0.00005
  frxXAGUSD: 0.00005
  frxXALUSD: 0.00005
  frxXAUEUR: 0.00005
  frxXAUUSD: 0.00005
  frxXCUUSD: 0.00005
  frxXNIUSD: 0.00005
  frxXPBUSD: 0.00005
  frxXPDUSD: 0.00005
  frxXPTUSD: 0.00005
  frxXZNUSD: 0.00005
  stpRNG: 0.0000010
  WLDUSD: 0
  WLDEUR: 0
  WLDAUD: 0
  WLDGBP: 0
  WLDXAU: 0
