---
CALL_OTC_AEX_1454284800_1454286600_100.00: 0.524984930008091
CALL_OTC_AEX_1454284800_1454287200_100.00: 0.524982598672231
CALL_OTC_AEX_1454284800_1454287500_100.00: 0.5249815431047
CALL_OTC_AEX_1454284800_1454287800_100.00: 0.524980544724106
CALL_OTC_AEX_1454284800_1454288400_100.00: 0.524978687813063
PUT_OTC_AEX_1454284800_1454286600_100.00: 0.525015069991909
PUT_OTC_AEX_1454284800_1454287200_100.00: 0.525017401327769
PUT_OTC_AEX_1454284800_1454287500_100.00: 0.5250184568953
PUT_OTC_AEX_1454284800_1454287800_100.00: 0.525019455275894
PUT_OTC_AEX_1454284800_1454288400_100.00: 0.525021312186937
